1.000000000000000000e+00 1.199757001957128750e+02 1.240472176714305164e+02 1.160378193695409266e+02
1.149999999999999911e+00 1.169308002906824555e+02 1.209631188557684851e+02 1.130328994982542525e+02
1.300000000000000044e+00 1.139631778294721585e+02 1.179556978220294923e+02 1.101057951485097135e+02
1.449999999999999956e+00 1.110708715642545883e+02 1.150230481843965578e+02 1.072544912065431504e+02
1.600000000000000089e+00 1.082519700223094219e+02 1.121633109541835012e+02 1.044770247420545672e+02
1.750000000000000000e+00 1.055046102427657928e+02 1.093746733614340201e+02 1.017714836568630972e+02
1.899999999999999911e+00 1.028269765454052305e+02 1.066553677058175538e+02 9.913600536855678058e+01
2.049999999999999822e+00 1.002172993307116542e+02 1.040036702360945640e+02 9.656877552822979283e+01
2.200000000000000178e+00 9.767385391037483089e+01 1.014179000574418268e+02 9.406802677142601965e+01
2.350000000000000089e+00 9.519495936747570397e+01 9.889641806594268303e+01 9.163203750142787385e+01
2.500000000000000000e+00 9.277897744559848547e+01 9.643762590956983161e+01 8.925913070405304950e+01
2.649999999999999911e+00 9.042431146613695603e+01 9.403996497499933582e+01 8.694767279314379493e+01
2.799999999999999822e+00 8.812940527307836192e+01 9.170191539961503224e+01 8.469607248595265503e+01
2.950000000000000178e+00 8.589274220456832154e+01 8.942199510807731144e+01 8.250277970765195334e+01
3.100000000000000089e+00 8.371284409057641085e+01 8.719875887284440807e+01 8.036628452421183511e+01
3.250000000000000000e+00 8.158827027600050030e+01 8.503079739805129122e+01 7.828511610291285194e+01
3.399999999999999911e+00 7.951761666856384636e+01 8.291673642616611062e+01 7.625784169977652027e+01
3.549999999999999822e+00 7.749951481087617822e+01 8.085523586685613395e+01 7.428306567321804721e+01
3.700000000000000178e+00 7.553263097604465770e+01 7.884498894751330056e+01 7.235942852324124885e+01
3.850000000000000089e+00 7.361566528623845329e+01 7.688472138489866836e+01 7.048560595551452934e+01
4.000000000000000000e+00 7.174735085362280529e+01 7.497319057738195625e+01 6.866030796968384209e+01
4.150000000000000355e+00 6.992645294309585324e+01 7.310918481726443474e+01 6.688227797129417240e+01
4.299999999999999822e+00 6.815176815627471285e+01 7.129152252268424661e+01 6.515029190670931314e+01
4.450000000000000178e+00 6.642212363619120197e+01 6.951905148861935402e+01 6.346315742043347541e+01
4.599999999999999645e+00 6.473637629217208200e+01 6.779064815651165077e+01 6.181971303425508069e+01
4.750000000000000000e+00 6.309341204439107997e+01 6.610521690204981837e+01 6.021882734764728440e+01
4.900000000000000355e+00 6.149214508759379783e+01 6.446168934066021450e+01 5.865939825887533488e+01
5.049999999999999822e+00 5.993151717350872332e+01 6.285902365026412753e+01 5.714035220627361156e+01
5.200000000000000178e+00 5.841049691147014045e+01 6.129620391087306785e+01 5.566064342917105279e+01
5.349999999999999645e+00 5.692807908679080242e+01 5.977223946060363602e+01 5.421925324795549272e+01
5.500000000000000000e+00 5.548328399643359887e+01 5.828616426770254577e+01 5.281518936278158094e+01
5.650000000000000355e+00 5.407515680154387638e+01 5.683703631818543300e+01 5.144748517043915825e+01
5.799999999999999822e+00 5.270276689641367796e+01 5.542393701869973199e+01 5.011519909891238456e+01
5.950000000000000178e+00 5.136520729346113967e+01 5.404597061423384474e+01 4.881741395917078563e+01
6.099999999999999645e+00 5.006159402381909018e+01 5.270226362030383171e+01 4.755323631374663051e+01
6.250000000000000000e+00 4.879106555313594384e+01 5.139196426925664696e+01 4.632179586166348173e+01
6.400000000000000355e+00 4.755278221220333279e+01 5.011424197033996109e+01 4.512224483929277596e+01
6.549999999999999822e+00 4.634592564203393295e+01 4.886828678319577790e+01 4.395375743672578039e+01
6.700000000000000178e+00 4.516969825302287944e+01 4.765330890444408851e+01 4.281552922925912696e+01
6.849999999999999645e+00 4.402332269783529028e+01 4.646853816703142570e+01 4.170677662360279925e+01
7.000000000000000000e+00 4.290604135767144101e+01 4.531322355202663488e+01 4.062673631842901045e+01
7.150000000000000355e+00 4.181711584157036299e+01 4.418663271255454816e+01 3.957466477889076373e+01
7.299999999999999822e+00 4.075582649842059624e+01 4.308805150956585805e+01 3.854983772474833614e+01
7.450000000000000178e+00 3.972147194135578019e+01 4.201678355914862095e+01 3.755154963175113636e+01
7.599999999999999645e+00 3.871336858422093030e+01 4.097214979109481447e+01 3.657911324593194280e+01
7.750000000000000000e+00 3.773085018980263783e+01 3.995348801844190945e+01 3.563185911047892063e+01
7.900000000000000355e+00 3.677326742952504901e+01 3.896015251771652288e+01 3.470913510485983267e+01
8.050000000000000711e+00 3.583998745432036515e+01 3.799151361961430240e+01 3.381030599588103058e+01
8.199999999999999289e+00 3.493039347639041381e+01 3.704695730985644531e+01 3.293475300037227527e+01
8.349999999999999645e+00 3.404388436158270537e+01 3.612588483996964328e+01 3.208187335919629390e+01
8.500000000000000000e+00 3.317987423211188514e+01 3.522771234774331361e+01 3.125107992228982212e+01
8.650000000000000355e+00 3.233779207936368749e+01 3.435187048712270297e+01 3.044180074445042905e+01
8.800000000000000711e+00 3.151708138652568181e+01 3.349780406730400273e+01 2.965347869159082350e+01
8.949999999999999289e+00 3.071719976079547720e+01 3.266497170080231172e+01 2.888557105718962958e+01
9.099999999999999645e+00 2.993761857492306433e+01 3.185284546026931451e+01 2.813754918867460830e+01
9.250000000000000000e+00 2.917782261785077225e+01 3.106091054384349093e+01 2.740889812348103050e+01
9.400000000000000355e+00 2.843730975421954810e+01 3.028866494882025862e+01 2.669911623453473837e+01
9.550000000000000711e+00 2.771559059251685397e+01 2.953561915343556876e+01 2.600771488491573891e+01
9.699999999999999289e+00 2.701218816164666947e+01 2.880129580656108956e+01 2.533421809146465975e+01
9.849999999999999645e+00 2.632663759570797879e+01 2.808522942511411458e+01 2.467816219710048742e+01
1.000000000000000000e+01 2.565848582677331535e+01 2.738696609899084322e+01 2.403909555162395506e+01
1.015000000000000036e+01 2.500729128546437252e+01 2.670606320333546080e+01 2.341657820078690122e+01
1.030000000000000071e+01 2.437262360912686532e+01 2.604208911796287751e+01 2.281018158341343494e+01
1.044999999999999929e+01 2.375406335741163133e+01 2.539462295375748369e+01 2.221948823636448012e+01
1.059999999999999964e+01 2.315120173507409618e+01 2.476325428587398392e+01 2.164409150714260832e+01
1.075000000000000000e+01 2.256364032180896118e+01 2.414758289357163790e+01 2.108359527393923472e+01
1.090000000000000036e+01 2.199099080894142233e+01 2.354721850651682757e+01 2.053761367293151352e+01
1.105000000000000071e+01 2.143287474280102956e+01 2.296178055739297719e+01 2.000577083264111522e+01
1.119999999999999929e+01 2.088892327460850495e+01 2.239089794066133621e+01 1.948770061517208063e+01
1.134999999999999964e+01 2.035877691671030831e+01 2.183420877731941800e+01 1.898304636414961166e+01
1.150000000000000000e+01 1.984208530499974188e+01 2.129136018550809695e+01 1.849146065918622028e+01
1.165000000000000036e+01 1.933850696736768171e+01 2.076200805682201533e+01 1.801260507670626509e+01
1.180000000000000071e+01 1.884770909802987759e+01 2.024581683818127331e+01 1.754614995696414326e+01
1.194999999999999929e+01 1.836936733758160045e+01 1.974245931912645702e+01 1.709177417709579672e+01
1.209999999999999964e+01 1.790316555863445203e+01 1.925161642440188814e+01 1.664916493004731279e+01
1.225000000000000000e+01 1.744879565689348055e+01 1.877297701169581146e+01 1.621801750922840313e+01
1.240000000000000036e+01 1.700595734753666832e+01 1.830623767440912886e+01 1.579803509874242273e+01
1.255000000000000071e+01 1.657435796676209350e+01 1.785110254932784102e+01 1.538892856904873874e+01
1.269999999999999929e+01 1.615371227837179191e+01 1.740728312907718234e+01 1.499041627791648956e+01
1.284999999999999964e+01 1.574374228526429853e+01 1.697449807923849718e+01 1.460222387653295151e+01
1.300000000000000000e+01 1.534417704571141705e+01 1.655247306001315266e+01 1.422408412063291649e+01
1.315000000000000036e+01 1.495475249429774500e+01 1.614094055232014568e+01 1.385573668651900547e+01
1.330000000000000071e+01 1.457521126740463480e+01 1.573963968821744785e+01 1.349692799184643377e+01
1.344999999999999929e+01 1.420530253312325897e+01 1.534831608553935567e+01 1.314741102104862946e+01
1.359999999999999964e+01 1.384478182548432201e+01 1.496672168664523817e+01 1.280694515528371902e+01
1.375000000000000000e+01 1.349341088289497748e+01 1.459461460117728393e+01 1.247529600678470452e+01
1.390000000000000036e+01 1.315095749067604736e+01 1.423175895272769331e+01 1.215223525749927447e+01
1.405000000000000071e+01 1.281719532759554703e+01 1.387792472931807808e+01 1.183754050190827556e+01
1.419999999999999929e+01 1.249190381629711233e+01 1.353288763759624302e+01 1.153099509391449118e+01
1.434999999999999964e+01 1.217486797752439109e+01 1.319642896065802162e+01 1.123238799769644380e+01
1.450000000000000000e+01 1.186587828804519873e+01 1.286833541940395875e+01 1.094151364242447499e+01
1.465000000000000036e+01 1.156473054218138863e+01 1.254839903734300677e+01 1.065817178073910654e+01
1.480000000000000071e+01 1.127122571685302610e+01 1.223641700875748128e+01 1.038216735089425669e+01
1.494999999999999929e+01 1.098516984004766606e+01 1.193219157014575771e+01 1.011331034247037231e+01
1.509999999999999964e+01 1.070637386262773738e+01 1.163552987486120749e+01 9.851415665565099289e+00
1.525000000000000000e+01 1.043465353339143142e+01 1.134624387086787145e+01 9.596303023371374863e+00
1.540000000000000036e+01 1.016982927730441233e+01 1.106415018153545304e+01 9.347796788055246608e+00
1.555000000000000071e+01 9.911726076821933518e+00 1.078906998939794626e+01 9.105725879847966553e+00
1.569999999999999929e+01 9.660173356222928831e+00 1.052082892280239079e+01 8.869923649269107813e+00
1.584999999999999964e+01 9.415004868879591982e+00 1.025925694537568056e+01 8.640227762399652178e+00
