1.000000000000000000e+00 5.799770384608267806e+06 2.148071474300325008e+02 1.480824430182524054e+01
2.439768480224147851e+01 5.797979204586505890e+06 1.110215473224010793e+03 9.105799402701067038e+02
4.068796500847955144e+01 5.793146939944293350e+06 3.524468782843461668e+03 3.328591272863633094e+03
5.039228195495738305e+01 5.786129070087000728e+06 7.027104840567529209e+03 6.843825072432560773e+03
5.755848173537222578e+01 5.776784415718258359e+06 1.168443037896184433e+04 1.153115390278022824e+04
6.307169309225927378e+01 5.765586017295354046e+06 1.725566138500023953e+04 1.715832131964660221e+04
6.756386826195658557e+01 5.752651509489898570e+06 2.367699683549586189e+04 2.367149367460621579e+04
7.155640939011658475e+01 5.737215179341036826e+06 3.132116878715026542e+04 3.146365187181317378e+04
7.505171681789285287e+01 5.719723361007318832e+06 3.995785510890341538e+04 4.031878388377795636e+04
7.814801121703372644e+01 5.700315662295443937e+06 4.950877248361239617e+04 5.017556522094355751e+04
8.093718858621552670e+01 5.678982708271333948e+06 5.996835518699995009e+04 6.104893654166614579e+04
8.348848274847398443e+01 5.655653664175780490e+06 7.135976892114669317e+04 7.298656690307296230e+04
8.597424707837404867e+01 5.628808418552933261e+06 8.440703465262129612e+04 8.678454679444587964e+04
8.820325447529626217e+01 5.600746268063359894e+06 9.797521237806951103e+04 1.012785195585706097e+05
9.037809585749278085e+01 5.569217379066882655e+06 1.131326876339870505e+05 1.176499332991300325e+05
9.246381277499530427e+01 5.534643613388228230e+06 1.296471003826386150e+05 1.357092862291331403e+05
9.445491036130684392e+01 5.497217746909740381e+06 1.473962409264884191e+05 1.553860121637714037e+05
9.635844325869150850e+01 5.456979179195081815e+06 1.663292947745209385e+05 1.766915260303974210e+05
9.818560895178995906e+01 5.413873090998031199e+06 1.864365724278239359e+05 1.996903365741451271e+05
9.994798736003403405e+01 5.367791942594836466e+06 2.077281975682024495e+05 2.244798598369613755e+05
1.016561242728365642e+02 5.318601539599468000e+06 2.302205008529531187e+05 2.511779595475787937e+05
1.033191947697256552e+02 5.266155747078438289e+06 2.539279744430509163e+05 2.799162784785110853e+05
1.049451023478048626e+02 5.210303950545237400e+06 2.788586829855719698e+05 3.108373664691906888e+05
1.065407127131444014e+02 5.150894425839127041e+06 3.050115274593334179e+05 3.440940467015398899e+05
1.081120985952340305e+02 5.087775640021299943e+06 3.323743378454791382e+05 3.798500221332213259e+05
1.096647558148333701e+02 5.020796572270786390e+06 3.609222297728853300e+05 4.182811979563290952e+05
1.112037856254868728e+02 4.949806540895038284e+06 3.906159453476658091e+05 4.595775137572963722e+05
1.127340497445408687e+02 4.874654715168192983e+06 4.214000330478468677e+05 5.039452517839604989e+05
1.142603059108409269e+02 4.795189404881986789e+06 4.532007483507380821e+05 5.516098467672754778e+05
1.157873291136863116e+02 4.711257319819226861e+06 4.859235035291589447e+05 6.028191766516141361e+05
1.173200182209226483e+02 4.622703321040903218e+06 5.194495628164762165e+05 6.578471161426207982e+05
1.188634779770101062e+02 4.529371916688217781e+06 5.536314400664245477e+05 7.169966432453581365e+05
1.204230475805691896e+02 4.431113257877831347e+06 5.882860576583411312e+05 7.806006844638283364e+05
1.220042104949755810e+02 4.327799335789114237e+06 6.231841203324205708e+05 8.490165438784662401e+05
1.236122531683567303e+02 4.219361380253453739e+06 6.580334430994841969e+05 9.226051766470627626e+05
1.252514388890449766e+02 4.105867172049830202e+06 6.924538871653003152e+05 1.001678940784870298e+06
1.269233900587608304e+02 3.987661488803451415e+06 7.259447693848559866e+05 1.086393741811693413e+06
1.286246067106808368e+02 3.865571109236640390e+06 7.578581176677498734e+05 1.176570773095610552e+06
1.303441216325794301e+02 3.741085724896134809e+06 7.874161708911177702e+05 1.271498104212748352e+06
1.320639176842579730e+02 3.616295570766951423e+06 8.138218293648207327e+05 1.369882599868228892e+06
1.337640014776970361e+02 3.493436482026835904e+06 8.364445667209092062e+05 1.470118951252256054e+06
1.354293536237884723e+02 3.374285981919459999e+06 8.549587624737778679e+05 1.570755255606763531e+06
1.370535869397783415e+02 3.259847786820627283e+06 8.693375720322827110e+05 1.670814641147091519e+06
1.386379303148285942e+02 3.150437555562107824e+06 8.797442610842210706e+05 1.769818183353672503e+06
1.401880087027842308e+02 3.045956263713492546e+06 8.864188377619968960e+05 1.867624898524512304e+06
1.417109335718141949e+02 2.946136671573463362e+06 8.896098890132149681e+05 1.964253439413323533e+06
1.432136107543441028e+02 2.850687303910383489e+06 8.895489601260216441e+05 2.059763735963596962e+06
1.447020789746937339e+02 2.759350907894727774e+06 8.864478675721742911e+05 2.154201224533100147e+06
1.461814129247915446e+02 2.671916542650856543e+06 8.805038180931750685e+05 2.247579639255970716e+06
1.476558431210472406e+02 2.588213737452482339e+06 8.719052466312644538e+05 2.339881015916255303e+06
1.491289201992110520e+02 2.508102567777270451e+06 8.608362288964216132e+05 2.431061203326310031e+06
1.506036622917603438e+02 2.431464587619890459e+06 8.474792848159619607e+05 2.521056127564149909e+06
1.520826727662080202e+02 2.358195735811511055e+06 8.320168948174879188e+05 2.609787369371003471e+06
1.535682314469358118e+02 2.288201094385277480e+06 8.146320756901236018e+05 2.697166829924601130e+06
1.550623656775167944e+02 2.221391109906213358e+06 7.955082860243587056e+05 2.783100604069429915e+06
1.565669070303731871e+02 2.157678912127689458e+06 7.748288582681391854e+05 2.867492229604172986e+06
1.580835381377519013e+02 2.096978448513813317e+06 7.527761034562489949e+05 2.950245448029939551e+06
1.596138328453146755e+02 2.039203232563317521e+06 7.295302027087254683e+05 3.031266564727958757e+06
1.611592918611210621e+02 1.984265563949542120e+06 7.052679802091750316e+05 3.110466455841284711e+06
1.627213753004886030e+02 1.932076119228529278e+06 6.801616396808282007e+05 3.187762241090644617e+06
1.643015329860558893e+02 1.882543837093188893e+06 6.543775359534247546e+05 3.263078626953388564e+06
1.659012330200283145e+02 1.835576036458601477e+06 6.280750423048509983e+05 3.336348921236549970e+06
1.675219889662103299e+02 1.791078713353012456e+06 6.014055617178310640e+05 3.407515724929159041e+06
1.691653859242425995e+02 1.748956967168575851e+06 5.745117161638522521e+05 3.476531316667574458e+06
1.708331058084622498e+02 1.709115510752237868e+06 5.475267334893813822e+05 3.543357755758383311e+06
1.725269522240498077e+02 1.671459223457075190e+06 5.205740377126036328e+05 3.607966738830323797e+06
1.742488754366562205e+02 1.635893712063252227e+06 4.937670366899933433e+05 3.670339251246756874e+06
1.760009980416360804e+02 1.602325851204724750e+06 4.672090919323078124e+05 3.730465056862969883e+06
1.777856420485369142e+02 1.570664282061133767e+06 4.409936491134099779e+05 3.788342068825458642e+06
1.796053582072911752e+02 1.540819854986315593e+06 4.152045043803221197e+05 3.843975640633364674e+06
1.814629585226408608e+02 1.512706007944317069e+06 3.899161805141300429e+05 3.897377811541555449e+06
1.833615530451110658e+02 1.486239077793942764e+06 3.651943877484155237e+05 3.948566534457644448e+06
1.853045922060323107e+02 1.461338545476464555e+06 3.410965460499611218e+05 3.997564908473576885e+06
1.872959161995650561e+02 1.437927219043848338e+06 3.176723483954609255e+05 4.044400432560693473e+06
1.893398132294344691e+02 1.415931360343259759e+06 2.949643476312604034e+05 4.089104292025482282e+06
1.914410888614449959e+02 1.395280762225515209e+06 2.730085525856820168e+05 4.131710685188805219e+06
1.936051492937719445e+02 1.375908783561251126e+06 2.518350220211553096e+05 4.172256194417595863e+06
1.958381021292061632e+02 1.357752349307332886e+06 2.314684476536361035e+05 4.210779203039033338e+06
1.981468792828881078e+02 1.340751922520074993e+06 2.119287197774502565e+05 4.247319357702476904e+06
2.000000000000000000e+02 1.328292831864409382e+06 1.973132378562889644e+05 4.274393930279303342e+06
