1.000000000000000000e+01 1.605797374188768778e+00 1.581138830084189539e+00 9.345479130436737947e-01 2.302585092994045846e-01
2.000000000000000000e+01 1.079063533976008404e+00 1.118033988749894903e+00 1.754493779634510364e+00 1.497866136776995483e-01
3.000000000000000000e+01 7.271902716705952452e-01 9.128709291752769017e-01 1.645373242666475111e+00 1.133732460554051774e-01
4.000000000000000000e+01 6.019580182357874287e-01 7.905694150420947697e-01 4.564468438354624347e+00 9.222198635284840906e-02
5.000000000000000000e+01 7.842016330824933545e-01 7.071067811865474617e-01 4.799343362987451123e+00 7.824046010856292033e-02
6.000000000000000000e+01 5.846425219677663376e-01 6.454972243679027999e-01 3.248143287822051750e+00 6.823907603703500968e-02
7.000000000000000000e+01 5.141445393167144440e-01 5.976143046671967829e-01 9.637781959323534764e-01 6.069278917213370705e-02
8.000000000000000000e+01 5.446100623829965848e-01 5.590169943749474513e-01 4.539173952035805648e+00 5.477533293342351506e-02
9.000000000000000000e+01 5.651936103649839449e-01 5.270462766947299205e-01 3.851885030385081787e+00 4.999788522589183187e-02
1.000000000000000000e+02 4.325246813098156951e-01 5.000000000000000000e-01 3.760957872553787329e+00 4.605170185988091691e-02
1.100000000000000000e+02 4.099896091170106005e-01 4.767312946227961756e-01 5.923647238003422189e-01 4.273163968902196630e-02
1.200000000000000000e+02 4.292903135854572172e-01 4.564354645876384509e-01 3.867690062083815050e+00 3.989576452318371186e-02
1.300000000000000000e+02 4.323401160088392592e-01 4.385290096535146565e-01 1.806327574229885879e+00 3.744257269581217212e-02
1.400000000000000000e+02 3.808004424794709797e-01 4.225771273642582870e-01 4.691484384161842769e+00 3.529744587578074327e-02
1.500000000000000000e+02 4.116372071135492305e-01 4.082482904638630172e-01 2.976645612931498874e-01 3.340423529397503616e-02
1.600000000000000000e+02 3.573308348995814510e-01 3.952847075210473848e-01 4.228278711410033530e+00 3.171983634521141626e-02
1.700000000000000000e+02 3.521398645897319546e-01 3.834824944236852051e-01 4.362911414488479522e+00 3.021057904147212911e-02
1.800000000000000000e+02 3.585354522398095378e-01 3.726779962499649490e-01 3.751486875185861436e+00 2.884976028272339191e-02
1.900000000000000000e+02 3.059153631944141472e-01 3.627381250550058556e-01 3.630075430127369884e+00 2.761591616926571680e-02
2.000000000000000000e+02 3.445697764249762152e-01 3.535533905932737309e-01 3.865182468681993999e+00 2.649158683274017989e-02
2.100000000000000000e+02 3.069816710456966802e-01 3.450327796711771255e-01 1.524005683974472891e+00 2.546241681294032777e-02
2.200000000000000000e+02 3.020778290966183999e-01 3.370999312316210195e-01 2.420623935495784362e+00 2.451648884705619202e-02
2.300000000000000000e+02 2.956462361946156081e-01 3.296902366978934906e-01 3.495273916234603373e+00 2.364382308227476470e-02
2.400000000000000000e+02 3.130578837813723925e-01 3.227486121839513999e-01 3.663078814062355359e+00 2.283599551392496291e-02
2.500000000000000000e+02 3.016625965996185266e-01 3.162277660168379412e-01 5.796573972119194451e-01 2.208584367144898405e-02
2.600000000000000000e+02 2.832693147520744525e-01 3.100868364730211546e-01 4.311224641029228977e+00 2.138723704236741505e-02
2.700000000000000000e+02 2.537963410816644338e-01 3.042903097250923006e-01 4.147425542519300734e+00 2.073489614443842569e-02
2.800000000000000000e+02 2.848956562212659471e-01 2.988071523335983914e-01 3.908111989940864284e+00 2.012424858274731998e-02
2.900000000000000000e+02 2.634474427132607044e-01 2.936101097573517449e-01 3.387748012814273402e+00 1.955131352751903265e-02
3.000000000000000000e+02 2.663187534086686181e-01 2.886751345948128655e-01 3.852111836072593221e+00 1.901260824885400366e-02
3.100000000000000000e+02 2.579970276112592553e-01 2.839809171235324059e-01 2.143387632699819356e+00 1.850507192735223114e-02
3.200000000000000000e+02 2.484143625887716700e-01 2.795084971874737256e-01 4.392647191369575488e+00 1.802600311185553750e-02
3.300000000000000000e+02 2.551641883571666436e-01 2.752409412815901568e-01 1.259375153441949280e+00 1.757300804381977527e-02
3.400000000000000000e+02 2.690347829191042650e-01 2.711630722733202048e-01 3.507462727395002755e+00 1.714395769885355275e-02
3.500000000000000000e+02 2.734338422978134786e-01 2.672612419124243965e-01 6.470504669779294282e+00 1.673695186995273823e-02
3.600000000000000000e+02 2.584946564325693030e-01 2.635231383473649602e-01 4.002117675026850563e+00 1.635028897625043220e-02
3.700000000000000000e+02 2.273772556617868756e-01 2.599376224550181691e-01 1.327504740737524447e+00 1.598244055577910730e-02
3.800000000000000000e+02 2.376828082525891395e-01 2.564945880212885498e-01 3.004136736642736061e+00 1.563202961242218803e-02
3.900000000000000000e+02 2.295907385745593332e-01 2.531848417709166577e-01 1.055534837861662023e+00 1.529781215159921152e-02
4.000000000000000000e+02 2.343479710560322504e-01 2.500000000000000000e-01 4.373401258468040176e+00 1.497866136776995413e-02
4.100000000000000000e+02 2.353041178940989131e-01 2.469323991623973980e-01 2.365152689161703847e+00 1.467355404804476619e-02
4.200000000000000000e+02 2.131599802956994638e-01 2.439750182371333009e-01 3.068268881116741120e+00 1.438155883637479496e-02
4.300000000000000000e+02 2.316959339947391450e-01 2.411214110852060721e-01 1.780986912109315146e+00 1.410182606671536720e-02
4.400000000000000000e+02 2.241473927100776364e-01 2.383656473113980878e-01 3.957753477473529902e+00 1.383357892480069698e-02
4.500000000000000000e+02 2.162773915406757397e-01 2.357022603955158391e-01 3.515572937438984802e+00 1.357610573947636706e-02
4.600000000000000000e+02 2.084047093557530039e-01 2.331262020600784468e-01 2.613305904267292590e+00 1.332875323800682826e-02
4.700000000000000000e+02 2.049142299979601067e-01 2.306328020072212492e-01 9.927267038228384521e-01 1.309092062703000846e-02
4.800000000000000000e+02 2.091606937736356364e-01 2.282177322938192254e-01 4.345921841314654976e+00 1.286205438312903494e-02
4.900000000000000000e+02 2.059021528068263052e-01 2.258769757263128231e-01 1.769232419060036143e-01 1.264164365531565692e-02
5.000000000000000000e+02 2.062965437605513430e-01 2.236067977499789639e-01 4.105958259247966424e+00 1.242921619684438268e-02
5.100000000000000000e+02 2.170934107023155257e-01 2.214037213850238439e-01 3.206519756152069078e+00 1.222433475631053146e-02
5.200000000000000000e+02 1.992669385541947780e-01 2.192645048267573282e-01 3.796775735959646791e+00 1.202659386841437028e-02
5.300000000000000000e+02 2.120728887927306183e-01 2.171861213815347025e-01 4.589104861002871516e+00 1.183561699348333399e-02
5.400000000000000000e+02 1.951865140851959668e-01 2.151657414559676185e-01 3.906338899151223565e+00 1.165105396214503701e-02
5.500000000000000000e+02 2.054526843154707849e-01 2.132007163556104146e-01 1.400695138228461367e+00 1.147257868768457485e-02
5.600000000000000000e+02 1.811862894467939356e-01 2.112885636821291435e-01 4.619356296199966572e+00 1.129988711380213416e-02
5.700000000000000000e+02 1.874606135188554012e-01 2.094269541458477490e-01 2.317032711253686372e+00 1.113269536987472955e-02
5.800000000000000000e+02 1.952135905491563517e-01 2.076136996343499186e-01 3.609089139433818261e+00 1.097073810955252575e-02
5.900000000000000000e+02 1.909155476843485688e-01 2.058467423981545641e-01 3.328728830649165360e+00 1.081376701169451705e-02
6.000000000000000000e+02 1.993201044961337431e-01 2.041241452319315086e-01 3.973837086470166646e+00 1.066154942536024462e-02
6.100000000000000000e+02 1.930748789103000906e-01 2.024440825447290093e-01 1.706847662903160145e+00 1.051386714289730649e-02
6.200000000000000000e+02 2.003746446348533272e-01 2.008048322256247020e-01 4.612928342012858174e+00 1.037051528715989858e-02
6.300000000000000000e+02 1.791948786114621051e-01 1.992047682223989369e-01 2.639364422192988613e+00 1.023130130061203000e-02
6.400000000000000000e+02 1.870013105691159527e-01 1.976423537605236924e-01 4.229982610900192341e+00 1.009604402555268343e-02
6.500000000000000000e+02 1.745027414445478320e-01 1.961161351381840445e-01 1.836357599923996275e+00 9.964572865984127822e-03
6.600000000000000000e+02 1.882718467157458442e-01 1.946247360403807469e-01 3.674014619855592745e+00 9.836727022758290015e-03
6.700000000000000000e+02 1.869898564469106572e-01 1.931668523215639421e-01 3.158205075770786685e+00 9.712354794604494482e-03
6.800000000000000000e+02 1.707108763739303703e-01 1.917412472118426026e-01 4.029310063497985261e+00 9.591312938485517872e-03
6.900000000000000000e+02 1.729967371000232512e-01 1.903467469067202378e-01 1.719287638291464138e+00 9.473466083465659562e-03
7.000000000000000000e+02 1.725558098545676711e-01 1.889822365046136265e-01 2.508224495379391961e+00 9.358686192919149147e-03
7.100000000000000000e+02 1.680569896074775305e-01 1.876466562602003840e-01 5.000927509601149623e+00 9.246852070472339619e-03
7.200000000000000000e+02 1.811658248918542602e-01 1.863389981249824745e-01 4.179278178770366559e+00 9.137848905569585095e-03
7.300000000000000000e+02 1.642064437796680321e-01 1.850583025494013101e-01 5.848509388679774545e-01 9.031567854989638877e-03
7.400000000000000000e+02 1.656137831964219764e-01 1.838036555234519309e-01 3.482281372261772034e+00 8.927905657024615138e-03
7.500000000000000000e+02 1.707506999869409237e-01 1.825741858350553581e-01 1.628592528450196752e-01 8.826764275373807922e-03
7.600000000000000000e+02 1.670980245247846718e-01 1.813690625275029278e-01 3.776465681059061996e+00 8.728050570105758826e-03
7.700000000000000000e+02 1.672278140554340486e-01 1.801874925391117876e-01 4.004686358627574272e+00 8.631675993308739192e-03
7.800000000000000000e+02 1.602525351148542387e-01 1.790287185098582146e-01 3.308373290604564865e+00 8.537556307286715135e-03
7.900000000000000000e+02 1.669846772318913930e-01 1.778920167412050002e-01 9.398231564278507477e-01 8.445611323368440101e-03
8.000000000000000000e+02 1.661066642784037317e-01 1.767766952966368654e-01 4.086997715727701319e+00 8.355764659584909160e-03
8.100000000000000000e+02 1.533573547142081384e-01 1.756820922315766309e-01 4.175508822158184863e+00 8.267943515637634841e-03
8.200000000000000000e+02 1.614644303190845009e-01 1.746075739423945394e-01 2.908316841887077064e+00 8.182078463729631698e-03
8.300000000000000000e+02 1.542058194229327384e-01 1.735525336251558248e-01 5.388860404735851262e-03 8.098103253964631168e-03
8.400000000000000000e+02 1.546612434672720027e-01 1.725163898355885628e-01 4.117878307231672252e+00 8.015954633139713015e-03
8.500000000000000000e+02 1.587496187694384386e-01 1.714985851425088470e-01 1.045799580057853451e+00 7.935572175863955455e-03
8.600000000000000000e+02 1.667748531377567789e-01 1.704985848676183746e-01 4.107624765500927921e+00 7.856898127032038714e-03
8.700000000000000000e+02 1.514281140316838803e-01 1.695158759052026176e-01 1.737930979329904702e-01 7.779877254768539745e-03
8.800000000000000000e+02 1.556969379752950189e-01 1.685499656158105097e-01 4.327911290054085924e+00 7.704456713036649841e-03
8.900000000000000000e+02 1.565859061369288263e-01 1.676003807884977326e-01 6.254780102210457216e+00 7.630585913175489711e-03
9.000000000000000000e+02 1.561952251638955846e-01 1.666666666666666574e-01 4.289344928717257588e+00 7.558216403693678725e-03
9.100000000000000000e+02 1.549264656610964963e-01 1.657483860329489744e-01 2.646266688183995797e+00 7.487301757704281288e-03
9.200000000000000000e+02 1.559567364543640033e-01 1.648451183489467453e-01 4.149782333461137007e+00 7.417797467438137088e-03
9.300000000000000000e+02 1.481787267697909083e-01 1.639564589459882316e-01 2.890695892151669444e+00 7.349660845319678885e-03
9.400000000000000000e+02 1.475183411053216376e-01 1.630820182633605508e-01 2.616110592486590392e+00 7.282850931131967971e-03
9.500000000000000000e+02 1.419190621625934234e-01 1.622214211307625442e-01 2.459633941703295523e+00 7.217328404836406870e-03
9.600000000000000000e+02 1.482775215141676206e-01 1.613743060919757000e-01 4.279167704150864893e+00 7.153055504647793349e-03
9.700000000000000000e+02 1.471783052057192842e-01 1.605403247669839051e-01 1.495932377175707817e+00 7.089995949997348994e-03
9.800000000000000000e+02 1.517799215521549727e-01 1.597191412499849583e-01 4.025954824094311491e+00 7.028114869045527617e-03
9.900000000000000000e+02 1.440248009501949589e-01 1.589104315409320400e-01 1.927214406455523221e+00 6.967378730432965614e-03
