-3.96875 -1.399558161568990
-3.95313 -0.957041630995284
-3.93750 -0.736800572606257
-3.92188 -0.605516015314931
-3.90625 -0.518751502711976
-3.89063 -0.457465825292765
-3.87500 -0.412141227958797
-3.85938 -0.377492836974078
-3.84375 -0.350352455587209
-3.82813 -0.328706678501673
-3.81250 -0.311215975682368
-3.79688 -0.296955765380394
-3.78125 -0.285268485404597
-3.76563 -0.275674867413846
-3.75000 -0.267818517241084
-3.73438 -0.261430091778360
-3.71875 -0.256303456840443
-3.70313 -0.252279417884142
-3.68750 -0.249234379737915
-3.67188 -0.247072299860075
-3.65625 -0.245718895737655
-3.64063 -0.245117430166349
-3.62500 -0.245225625452820
-3.60938 -0.246013403470430
-3.59375 -0.247461244395454
-3.57813 -0.249559021501370
-3.56250 -0.252305213954697
-3.54688 -0.255706431239030
-3.53125 -0.259777206198469
-3.51563 -0.264540031768635
-3.50000 -0.270025631358523
-3.48438 -0.276273466118569
-3.46875 -0.283332495246399
-3.45313 -0.291262219201051
-3.43750 -0.300134051428207
-3.42188 -0.310033083360580
-3.40625 -0.321060331864103
-3.39063 -0.333335590420309
-3.37500 -0.347001048661762
-3.35938 -0.362225904496608
-3.34375 -0.378805298853127
-3.32813 -0.397775977802790
-3.31250 -0.419041941092914
-3.29688 -0.442959724907221
-3.28125 -0.469967007511587
-3.26563 -0.500606357066781
-3.25000 -0.535557908729774
-3.23438 -0.575685135202706
-3.21875 -0.622100254983087
-3.20313 -0.676259850322817
-3.18750 -0.740108315388566
-3.17188 -0.816299570470419
-3.15625 -0.629007179424995
-3.14063 -1.022238887873750
-3.12500 -1.165424945645800
-3.10938 -1.350786385937660
-3.09375 -1.599455424175390
-3.07813 -1.949476151275070
-3.06250 -2.476944702134070
-3.04688 -3.359429837259710
-3.03125 -5.129655389699570
-3.01563 -10.451277649872400
-3.00000 1425109549226510.000000000000000
-2.98438 10.881179502766700
-2.96875 5.554496453726930
-2.95313 3.783305197528230
-2.93750 2.901152254637140
-2.92188 2.374758122563250
-2.90625 2.026373057468660
-2.89063 1.779827976529670
-2.87500 1.597047258340340
-2.85938 1.456886417696830
-2.84375 1.346667251163340
-2.82813 1.258330253639220
-2.81250 1.186510907289030
-2.79688 1.127503921678680
-2.78125 1.078671460436130
-2.76563 1.038088172605260
-2.75000 1.004319439654060
-2.73438 0.976277998984813
-2.71875 0.953128480125398
-2.70313 0.934222219352212
-2.68750 0.919051775283563
-2.67188 0.907218601048712
-2.65625 0.898409712540802
-2.64063 0.892380644199363
-2.62500 0.888942892266472
-2.60938 0.887954628151084
-2.59375 0.889313847046161
-2.57813 0.892953373809591
-2.56250 0.898837324713607
-2.54688 0.906958748300935
-2.53125 0.917338259388343
-2.51563 0.930023549186608
-2.50000 0.945089709754832
-2.48438 0.962640358506889
-2.46875 0.982809592885946
-2.45313 1.005764850678630
-2.43750 1.031710801784460
-2.42188 1.060894457124490
-2.40625 1.093611755412100
-2.39063 1.130215986268860
-2.37500 1.171128539233450
-2.35938 1.216852647918290
-2.34375 1.266630218040140
-2.32813 1.323848176124910
-2.31250 1.388076429870280
-2.29688 1.460382843053490
-2.28125 1.542079243397400
-2.26563 1.634792634796210
-2.25000 1.740563203371770
-2.23438 1.861981609171250
-2.21875 2.002385195726810
-2.20313 2.166144833065270
-2.18750 2.359095255301050
-2.17188 2.589200200085860
-2.15625 1.985303910060140
-2.14063 3.210469007228510
-2.12500 3.641952955143110
-2.10938 4.200101418774920
-2.09375 4.948315218542610
-2.07813 6.000731278143550
-2.06250 7.585643150285530
-2.04688 10.235762785400600
-2.03125 15.549267900026800
-2.01563 31.517134162896400
-2.00000 -6412992971519280.000000000000000
-1.98438 -32.473520078569400
-1.96875 -16.489911347001800
-1.95313 -11.172573161450500
-1.93750 -8.522134747996560
-1.92188 -6.938746389364470
-1.90625 -5.889146698268300
-1.89063 -5.144815244656080
-1.87500 -4.591510867728470
-1.85938 -4.165784600601880
-1.84375 -3.829584995495740
-1.82813 -3.558715248573410
-1.81250 -3.337061926750400
-1.79688 -3.153487530945070
-1.78125 -3.000054999338000
-1.76563 -2.870962602361430
-1.75000 -2.761878459048680
-1.73438 -2.669510153474100
-1.71875 -2.591318055340930
-1.70313 -2.525319436686450
-1.68750 -2.469951646074580
-1.67188 -2.423974699677030
-1.65625 -2.386400798936510
-1.64063 -2.356442638588940
-1.62500 -2.333475092199490
-1.60938 -2.317006607831730
-1.59375 -2.306657790775980
-1.57813 -2.302145416852850
-1.56250 -2.303270644578620
-1.54688 -2.309910562078950
-1.53125 -2.322012469076740
-1.51563 -2.339590490922560
-1.50000 -2.362724274387080
-1.48438 -2.391559640665550
-1.46875 -2.426311182437180
-1.45313 -2.467266899321010
-1.43750 -2.514795079349630
-1.42188 -2.569353763348370
-1.40625 -2.631503286460360
-1.39063 -2.701922592173990
-1.37500 -2.781430280679440
-1.35938 -2.871011716182220
-1.34375 -2.968664573531590
-1.32813 -3.082084035040810
-1.31250 -3.209926744075020
-1.29688 -3.354316842638490
-1.28125 -3.517868274000310
-1.26563 -3.703827063210160
-1.25000 -3.916267207586470
-1.23438 -4.160365157992010
-1.21875 -4.442792153018860
-1.20313 -4.772287835346920
-1.18750 -5.160520870971050
-1.17188 -5.623419184561480
-1.15625 -4.280811556067170
-1.14063 -6.872410218598530
-1.12500 -7.739150029679120
-1.10938 -8.859588930228340
-1.09375 -10.360534988823600
-1.07813 -12.470269687392100
-1.06250 -15.645388997463900
-1.04688 -20.951326951366900
-1.03125 -31.584450421929300
-1.01563 -63.526723547087900
-1.00000 25625032392666700.000000000000000
-0.98438 64.373364350938000
-0.96875 32.431830965136500
-0.95313 21.799942807824400
-0.93750 16.495739381085300
-0.92188 13.322858945456300
-0.90625 11.215874133271300
-0.89063 9.718197218650760
-0.87500 8.601556608436020
-0.85938 7.739155841390660
-0.84375 7.054937355579920
-0.82813 6.500520733728020
-0.81250 6.043671999184370
-0.79688 5.662094954866610
-0.78125 5.339883565050790
-0.76563 5.065393583393970
-0.75000 4.829912532697350
-0.73438 4.626799331822160
-0.71875 4.450910960895250
-0.70313 4.298210449324450
-0.68750 4.165492763550490
-0.67188 4.050189339781670
-0.65625 3.950226289691020
-0.64063 3.863920002624890
-0.62500 3.789899304676680
-0.60938 3.727046817037640
-0.59375 3.674454435807090
-0.57813 3.631389379011450
-0.56250 3.597268285013170
-0.54688 3.571637568341770
-0.53125 3.554158751392900
-0.51563 3.544597863067060
-0.50000 3.542818274659240
-0.48438 3.548776561032430
-0.46875 3.562521154144120
-0.45313 3.584193713741960
-0.43750 3.614033291013560
-0.42188 3.652383518763590
-0.40625 3.699703240813550
-0.39063 3.756581211182760
-0.37500 3.823755773062500
-0.35938 3.902140800531860
-0.34375 3.992859698829590
-0.32813 4.097289981499580
-0.31250 4.217121982115170
-0.29688 4.354436783267220
-0.28125 4.511810727396090
-0.26563 4.692457359358680
-0.25000 4.900423092512360
-0.23438 5.140861593805810
-0.21875 5.420426179473350
-0.20313 5.747843703880430
-0.18750 6.134775756080050
-0.17188 6.597149944032560
-0.15625 7.157290278980960
-0.14063 7.700810220935970
-0.12500 8.557905144201890
-0.10938 9.666005405936760
-0.09375 11.150250532212600
-0.07813 13.235922076894700
-0.06250 16.373617951515200
-0.04688 21.614775851800700
-0.03125 32.113767550741300
-0.01563 63.642560006647200
0.00000 Infinity
0.01563 64.385301222558600
0.03125 31.937915225967100
0.04688 21.131850712339900
0.06250 15.735823549788300
0.07813 12.503591925808800
0.09375 10.353086883592100
0.10938 8.820573883391730
0.12500 7.674193238169480
0.14063 6.785140295923250
0.15625 5.959291691685680
0.17188 5.389281692702720
0.18750 4.915989418884030
0.20313 4.517045353231990
0.21875 4.176474172440770
0.23438 3.882563178549310
0.25000 3.626530080593980
0.26563 3.401660981283110
0.28125 3.202735710437010
0.29688 3.025634639943480
0.31250 2.867063461127760
0.32813 2.724356603231830
0.34375 2.595334270392120
0.35938 2.478196778054880
0.37500 2.371445309484660
0.39063 2.273821694437610
0.40625 2.184262088379800
0.42188 2.101860948168050
0.43750 2.025842729866920
0.45313 1.955539444550030
0.46875 1.890372705055900
0.48438 1.829839249462600
0.50000 1.773499180616010
0.51563 1.720966345460280
0.53125 1.671900413516570
0.54688 1.626000314585260
0.56250 1.582998771292800
0.57813 1.542657719273910
0.59375 1.504764451408650
0.60938 1.469128356094050
0.62500 1.435578145538750
0.64063 1.403959490368300
0.65625 1.374132992777610
0.67188 1.345972443077860
0.68750 1.319363314515810
0.70313 1.294201459268000
0.71875 1.270391974966570
0.73438 1.247848216331590
0.75000 1.226490930724210
0.76563 1.206247499895910
0.78125 1.187051273046540
0.79688 1.168840978640610
0.81250 1.151560204363750
0.82813 1.135156936204960
0.84375 1.119583148986910
0.85938 1.104794441784470
0.87500 1.090749712609640
0.89063 1.077410867530680
0.90625 1.064742560060970
0.92188 1.052711957218060
0.93750 1.041288529134270
0.95313 1.030443859509490
0.96875 1.020151474547350
0.98438 1.010386688315410
1.00000 1.014456518889830
1.01563 1.006020331602480
1.03125 0.998059850811472
1.04688 0.990555502140931
1.06250 0.983488971861766
1.07813 0.976843119203813
1.09375 0.970601895336755
1.10938 0.964750268495971
1.12500 0.959274154771186
1.14063 0.954160354114208
1.15625 0.931139326825887
1.17188 0.926282790933281
1.18750 0.921748016040755
1.20313 0.917524837375249
1.21875 0.913603725221418
1.23438 0.909975744972494
1.25000 0.906632520148495
1.26563 0.903566198153326
1.28125 0.900769418560408
1.29688 0.898235283733220
1.31250 0.895957331602427
1.32813 0.893929510435446
1.34375 0.892146155447292
1.35938 0.890601967113471
1.37500 0.889291991056747
1.39063 0.888211599389692
1.40625 0.887356473404292
1.42188 0.886722587508397
1.43750 0.886306194316776
1.45313 0.886103810811732
1.46875 0.886112205494955
1.48438 0.886328386458448
1.50000 0.886749590308005
1.51563 0.887373271877956
1.53125 0.888197094680678
1.54688 0.889218922038816
1.56250 0.890436808852202
1.57813 0.891848993955231
1.59375 0.893453893023887
1.60938 0.895250091994811
1.62500 0.897236340961721
1.64063 0.899411548517193
1.65625 0.901774776510305
1.67188 0.904325235192936
1.68750 0.907062278729618
1.70313 0.909985401047811
1.71875 0.913094232007224
1.73438 0.916388533868511
1.75000 0.919868198043155
1.76563 0.923533242107808
1.78125 0.927383807067608
1.79688 0.931420154854233
1.81250 0.935642666045550
1.82813 0.940051837794736
1.84375 0.944648281957702
1.85938 0.949432723408531
1.87500 0.954405998533435
1.89063 0.959569053894512
1.90625 0.964922945055253
1.92188 0.970468835560401
1.93750 0.976207996063374
1.95313 0.982141803594984
1.96875 0.988271740967746
1.98438 0.994599396310484
2.00000 1.001126462728450
2.01563 1.007854738084520
2.03125 1.014786124897510
2.04688 1.021922630353840
2.06250 1.029266366429320
2.07813 1.036819550118040
2.09375 1.044584503765480
2.10938 1.052563655503670
2.12500 1.060759539785870
2.14063 1.069174798019110
2.15625 1.556815656326270
2.17188 1.086674541200920
2.18750 1.095764850759660
2.20313 1.105086185414010
2.21875 1.114641734137760
2.23438 1.124434798622770
2.25000 1.134468794558180
2.26563 1.144747252998770
2.28125 1.155273821822140
2.29688 1.166052267274720
2.31250 1.177086475606350
2.32813 1.188380454793630
2.34375 1.199938336352210
2.35938 1.210463284882970
2.37500 1.222549207277210
2.39063 1.234912878513380
2.40625 1.247559004505990
2.42188 1.260492428302470
2.43750 1.273718132580710
2.45313 1.287241242245920
2.46875 1.301067027128050
2.48438 1.315200904781160
2.50000 1.329648443386290
2.51563 1.344415364759470
2.53125 1.359507547466470
2.54688 1.374931030046380
2.56250 1.390692014345700
2.57813 1.406796868965160
2.59375 1.423252132821280
2.60938 1.440064518825150
2.62500 1.457240917680540
2.64063 1.474788401804010
2.65625 1.492714229369490
2.67188 1.511025848480180
2.68750 1.529730901470350
2.70313 1.548837229340200
2.71875 1.568352876326670
2.73438 1.588286094613450
2.75000 1.608645349183360
2.76563 1.629439322816710
2.78125 1.650676921238880
2.79688 1.672367278421020
2.81250 1.694519762037570
2.82813 1.717143979084440
2.84375 1.740249781662070
2.85938 1.763847272927390
2.87500 1.787946813219150
2.89063 1.812559026360990
2.90625 1.837694806146960
2.92188 1.863365323014300
2.93750 1.889582030908240
2.95313 1.916356674344150
2.96875 1.943701295672200
2.98438 1.971628242549870
3.00000 2.000150175628120
3.01563 2.031457206451620
3.03125 2.061284316198070
3.04688 2.091747884005510
3.06250 2.122861880760480
3.07813 2.154640627589050
3.09375 2.187098804758980
3.10938 2.220251460828060
3.12500 2.254114022044980
3.14063 2.288702302009670
3.15625 3.356883758953520
3.17188 2.360121269170750
3.18750 2.396985611036760
3.20313 2.434643002240250
3.21875 2.473111347618150
3.23438 2.512409003172740
3.25000 2.552554787755910
3.26563 2.593567995075330
3.28125 2.635468406031750
3.29688 2.678276301396630
3.31250 2.722012474839690
3.32813 2.766698246316420
3.34375 2.812355475825500
3.35938 2.855936812770750
3.37500 2.903554367283380
3.39063 2.952213600196040
3.40625 3.001938854592540
3.42188 3.052755099795050
3.43750 3.104687948165480
3.45313 3.157763672384520
3.46875 3.212009223222360
3.48438 3.267452247815690
3.50000 3.324121108465740
3.51563 3.382044901973030
3.53125 3.441253479524490
3.54688 3.501777467149370
3.56250 3.563648286760860
3.57813 3.626898177800790
3.59375 3.691560219505200
3.60938 3.757668353809390
3.62500 3.825257408911430
3.64063 3.894363123513710
3.65625 3.965022171762720
3.67188 4.037272188907990
3.68750 4.111151797701570
3.70313 4.186700635560240
3.71875 4.263959382513140
3.73438 4.342969789958640
3.75000 4.423774710254250
3.76563 4.506418127164970
3.78125 4.590945187195630
3.79688 4.677402231833790
3.81250 4.765836830730660
3.82813 4.856297815848170
3.84375 4.948835316601510
3.85938 5.043500796026770
3.87500 5.140347088005070
3.89063 5.239428435574730
3.90625 5.340800530364620
3.92188 5.444520553182410
3.93750 5.550647215792940
3.95313 5.659240803922580
3.96875 5.770363221526850
3.98438 5.884078036359770
4.00000 6.000450526884360
4.01563 6.126113138205660
4.03125 6.248268083475410
4.04688 6.373294334079300
4.06250 6.501264509828980
4.07813 6.632253181797540
4.09375 6.766336927223100
4.10938 6.903594386012230
4.12500 7.044106318890560
4.14063 7.187955667249110
4.15625 10.595164364197000
4.17188 7.486009650650990
4.18750 7.640391635179660
4.20313 7.798465866550800
4.21875 7.960327150145920
4.23438 8.126072869636850
4.25000 8.295803060206710
4.26563 8.469620483917880
4.28125 8.647630707291690
4.29688 8.829942181167010
4.31250 9.016666322906490
4.32813 9.207917601021830
4.34375 9.403813622291530
4.35938 9.594162730401730
4.37500 9.799495989581390
4.39063 10.009849238164700
4.40625 10.225354223455800
4.42188 10.446146357111200
4.43750 10.672364821818800
4.45313 10.904152681202800
4.46875 11.141656993052600
4.48438 11.385028925982800
4.50000 11.634423879630100
4.51563 11.890001608498900
4.53125 12.151926349570900
4.54688 12.420366953795400
4.56250 12.695497021585600
4.57813 12.977495042443500
4.59375 13.266544538846800
4.60938 13.562834214530700
4.62500 13.866558107303900
4.64063 14.177915746542100
4.65625 14.497112315507400
4.67188 14.824358818646500
4.68750 15.159872254024600
4.70313 15.503875791059000
4.71875 15.856598953720800
4.73438 16.218277809376800
4.75000 16.589155163453400
4.76563 16.969480760105600
4.78125 17.359511489083500
4.79688 17.759511598993900
4.81250 18.169752917160600
4.82813 18.590515076293800
4.84375 19.022085748187000
4.85938 19.464760884665800
4.87500 19.918844966019600
4.89063 20.384651257157900
4.90625 20.862502071736800
4.92188 21.352729044512300
4.93750 21.855673412184700
4.95313 22.371686303006400
4.96875 22.901129035434700
4.98438 23.444373426121000
5.00000 24.001802107537400
5.01563 24.600173070607100
5.03125 25.188330711510200
5.04688 25.791925508227200
5.06250 26.411387071180200
5.07813 27.047157507018100
5.09375 27.699691795819600
5.10938 28.369458180019000
5.12500 29.056938565423600
5.14063 29.762628934703400
5.15625 44.036151888694000
5.17188 31.230696511309600
5.18750 31.994139972314800
5.20313 32.777926845346400
5.21875 33.582630164678100
5.23438 34.408839807368500
5.25000 35.257163005878500
5.26563 36.128224876712200
5.28125 37.022668965592500
5.29688 37.941157809702000
5.31250 38.884373517534200
5.32813 39.853018366922600
5.34375 40.847815421828800
5.35938 41.824553152845000
5.37500 42.872794954418600
5.39063 43.949494311316900
5.40625 45.055467047102300
5.42188 46.191553422851000
5.43750 47.358618896821100
5.45313 48.557554908481100
5.46875 49.789279687703700
5.48438 51.054739089954000
5.50000 52.354907458335400
5.51563 53.690788513378000
5.53125 55.063416271492900
5.54688 56.473855993038500
5.56250 57.923205160984200
5.57813 59.412594491186500
5.59375 60.943188975327500
5.60938 62.516188957602700
5.62500 64.132831246280700
5.64063 65.794390261296900
5.65625 67.502179219081500
5.67188 69.257551355864200
5.68750 71.061901190740100
5.70313 72.916665829824300
5.71875 74.823326312869800
5.73438 76.783409003768300
5.75000 78.798487026403700
5.76563 80.870181747378200
5.78125 83.000164307180400
5.79688 85.190157201424000
5.81250 87.441935913835500
5.82813 89.757330602731000
5.84375 92.138227842781000
5.85938 94.586572423922900
5.87500 97.104369209345700
5.89063 99.693685054538100
5.90625 102.356650789459000
5.92188 105.095463265959000
5.93750 107.912387472662000
5.95313 110.809758719579000
5.96875 113.789984894816000
5.98438 116.855548795822000
6.00000 120.009010537687000
