1.000000000000000000e+01 1.570083186569953160e+00 1.581138830084189539e+00
2.000000000000000000e+01 1.368933113405015556e+00 1.118033988749894903e+00
3.000000000000000000e+01 9.255993061586497150e-01 9.128709291752769017e-01
4.000000000000000000e+01 9.022905786778412374e-01 7.905694150420947697e-01
5.000000000000000000e+01 6.185931639635104951e-01 7.071067811865474617e-01
6.000000000000000000e+01 5.444610071334551327e-01 6.454972243679027999e-01
7.000000000000000000e+01 5.830594405102500488e-01 5.976143046671967829e-01
8.000000000000000000e+01 4.459747708405718547e-01 5.590169943749474513e-01
9.000000000000000000e+01 5.327800474670154607e-01 5.270462766947299205e-01
1.000000000000000000e+02 4.589886028303887811e-01 5.000000000000000000e-01
1.100000000000000000e+02 4.545132404221748912e-01 4.767312946227961756e-01
1.200000000000000000e+02 4.450224248808151151e-01 4.564354645876384509e-01
1.300000000000000000e+02 4.081697764092316327e-01 4.385290096535146565e-01
1.400000000000000000e+02 3.727672426460621469e-01 4.225771273642582870e-01
1.500000000000000000e+02 3.833582554447604318e-01 4.082482904638630172e-01
1.600000000000000000e+02 3.403195527681767141e-01 3.952847075210473848e-01
1.700000000000000000e+02 3.260956182955382920e-01 3.834824944236852051e-01
1.800000000000000000e+02 3.492391539605400608e-01 3.726779962499649490e-01
1.900000000000000000e+02 3.216780513139150810e-01 3.627381250550058556e-01
2.000000000000000000e+02 3.159986051952951014e-01 3.535533905932737309e-01
2.100000000000000000e+02 3.285488507488187881e-01 3.450327796711771255e-01
2.200000000000000000e+02 3.026145264917095012e-01 3.370999312316210195e-01
2.300000000000000000e+02 2.996256074677683956e-01 3.296902366978934906e-01
2.400000000000000000e+02 3.022363282402081852e-01 3.227486121839513999e-01
2.500000000000000000e+02 2.578945211752058375e-01 3.162277660168379412e-01
2.600000000000000000e+02 3.112232733032182508e-01 3.100868364730211546e-01
2.700000000000000000e+02 2.460621251176458579e-01 3.042903097250923006e-01
2.800000000000000000e+02 2.693456973914367114e-01 2.988071523335983914e-01
2.900000000000000000e+02 2.451499593192303372e-01 2.936101097573517449e-01
3.000000000000000000e+02 2.561204345298493390e-01 2.886751345948128655e-01
3.100000000000000000e+02 2.508592681492598508e-01 2.839809171235324059e-01
3.200000000000000000e+02 2.572453652462280416e-01 2.795084971874737256e-01
3.300000000000000000e+02 2.636174747400485963e-01 2.752409412815901568e-01
3.400000000000000000e+02 2.582826111922426060e-01 2.711630722733202048e-01
3.500000000000000000e+02 2.493619667136243168e-01 2.672612419124243965e-01
3.600000000000000000e+02 2.394881226607134539e-01 2.635231383473649602e-01
3.700000000000000000e+02 2.382965465534893357e-01 2.599376224550181691e-01
3.800000000000000000e+02 2.514372665478037949e-01 2.564945880212885498e-01
3.900000000000000000e+02 2.303800902284072194e-01 2.531848417709166577e-01
4.000000000000000000e+02 2.204003591973520970e-01 2.500000000000000000e-01
4.100000000000000000e+02 2.244363219232628492e-01 2.469323991623973980e-01
4.200000000000000000e+02 2.251194767621756132e-01 2.439750182371333009e-01
4.300000000000000000e+02 2.278894985185574706e-01 2.411214110852060721e-01
4.400000000000000000e+02 2.214463499460377072e-01 2.383656473113980878e-01
4.500000000000000000e+02 2.169234875510608340e-01 2.357022603955158391e-01
4.600000000000000000e+02 2.203532665825130299e-01 2.331262020600784468e-01
4.700000000000000000e+02 2.116575645347802404e-01 2.306328020072212492e-01
4.800000000000000000e+02 2.047010529997894679e-01 2.282177322938192254e-01
4.900000000000000000e+02 2.079137349695546477e-01 2.258769757263128231e-01
5.000000000000000000e+02 2.058894254245600963e-01 2.236067977499789639e-01
5.100000000000000000e+02 2.018990124700281164e-01 2.214037213850238439e-01
5.200000000000000000e+02 2.080472945472981727e-01 2.192645048267573282e-01
5.300000000000000000e+02 1.985637457083406499e-01 2.171861213815347025e-01
5.400000000000000000e+02 2.123743840390489301e-01 2.151657414559676185e-01
5.500000000000000000e+02 2.006500230256157979e-01 2.132007163556104146e-01
5.600000000000000000e+02 1.904435809953202163e-01 2.112885636821291435e-01
5.700000000000000000e+02 1.973575958064931746e-01 2.094269541458477490e-01
5.800000000000000000e+02 1.981274754539849858e-01 2.076136996343499186e-01
5.900000000000000000e+02 1.947722782452729062e-01 2.058467423981545641e-01
6.000000000000000000e+02 1.895731510443917911e-01 2.041241452319315086e-01
6.100000000000000000e+02 1.909112549554923821e-01 2.024440825447290093e-01
6.200000000000000000e+02 1.729991110933844223e-01 2.008048322256247020e-01
6.300000000000000000e+02 1.875890516043947909e-01 1.992047682223989369e-01
6.400000000000000000e+02 1.754500724488593233e-01 1.976423537605236924e-01
6.500000000000000000e+02 1.830267579607826323e-01 1.961161351381840445e-01
6.600000000000000000e+02 1.753520923090395589e-01 1.946247360403807469e-01
6.700000000000000000e+02 1.799330199088593207e-01 1.931668523215639421e-01
6.800000000000000000e+02 1.869728568360044529e-01 1.917412472118426026e-01
6.900000000000000000e+02 1.755300375522971523e-01 1.903467469067202378e-01
7.000000000000000000e+02 1.833602685715729208e-01 1.889822365046136265e-01
7.100000000000000000e+02 1.744074594175485382e-01 1.876466562602003840e-01
7.200000000000000000e+02 1.712580806864861804e-01 1.863389981249824745e-01
7.300000000000000000e+02 1.691581128984303017e-01 1.850583025494013101e-01
7.400000000000000000e+02 1.673171994629161774e-01 1.838036555234519309e-01
7.500000000000000000e+02 1.703814514733581753e-01 1.825741858350553581e-01
7.600000000000000000e+02 1.633494493942036774e-01 1.813690625275029278e-01
7.700000000000000000e+02 1.608015975305217005e-01 1.801874925391117876e-01
7.800000000000000000e+02 1.640124657190237256e-01 1.790287185098582146e-01
7.900000000000000000e+02 1.625230222168040917e-01 1.778920167412050002e-01
8.000000000000000000e+02 1.676707696667454062e-01 1.767766952966368654e-01
8.100000000000000000e+02 1.592494070385268856e-01 1.756820922315766309e-01
8.200000000000000000e+02 1.580516600442467279e-01 1.746075739423945394e-01
8.300000000000000000e+02 1.601860023369781616e-01 1.735525336251558248e-01
8.400000000000000000e+02 1.557233430014696163e-01 1.725163898355885628e-01
8.500000000000000000e+02 1.570415748568118885e-01 1.714985851425088470e-01
8.600000000000000000e+02 1.564476799307840948e-01 1.704985848676183746e-01
8.700000000000000000e+02 1.575911444942828255e-01 1.695158759052026176e-01
8.800000000000000000e+02 1.525512610948738246e-01 1.685499656158105097e-01
8.900000000000000000e+02 1.537378481383829820e-01 1.676003807884977326e-01
9.000000000000000000e+02 1.605852252806129477e-01 1.666666666666666574e-01
9.100000000000000000e+02 1.504998647774637432e-01 1.657483860329489744e-01
9.200000000000000000e+02 1.520044605114058978e-01 1.648451183489467453e-01
9.300000000000000000e+02 1.534110643583075084e-01 1.639564589459882316e-01
9.400000000000000000e+02 1.552547490248491480e-01 1.630820182633605508e-01
9.500000000000000000e+02 1.455181525368800244e-01 1.622214211307625442e-01
9.600000000000000000e+02 1.469457146739688858e-01 1.613743060919757000e-01
9.700000000000000000e+02 1.556552413647535604e-01 1.605403247669839051e-01
9.800000000000000000e+02 1.427934843957789912e-01 1.597191412499849583e-01
9.900000000000000000e+02 1.346814924841119310e-01 1.589104315409320400e-01
1.000000000000000000e+03 1.477315148040866666e-01 1.581138830084189706e-01
1.010000000000000000e+03 1.432988844948995810e-01 1.573291938818881519e-01
1.020000000000000000e+03 1.419025474133112363e-01 1.565560727712873856e-01
1.030000000000000000e+03 1.415559426943274746e-01 1.557942382124389569e-01
1.040000000000000000e+03 1.418074909462157251e-01 1.550434182365105773e-01
1.050000000000000000e+03 1.486308825869510908e-01 1.543033499620919125e-01
1.060000000000000000e+03 1.445858946383994370e-01 1.535737792084878039e-01
1.070000000000000000e+03 1.427982790150338355e-01 1.528544601289357763e-01
1.080000000000000000e+03 1.392340867442124763e-01 1.521451548625461503e-01
1.090000000000000000e+03 1.394070758512066244e-01 1.514456332038456587e-01
1.100000000000000000e+03 1.407543737624522007e-01 1.507556722888817868e-01
1.110000000000000000e+03 1.382499482690575099e-01 1.500750562969160318e-01
1.120000000000000000e+03 1.389666040908769662e-01 1.494035761667991957e-01
1.130000000000000000e+03 1.393959711898229425e-01 1.487410293271824169e-01
1.140000000000000000e+03 1.363478081749259496e-01 1.480872194397730712e-01
1.150000000000000000e+03 1.415548393042414810e-01 1.474419561548971358e-01
1.160000000000000000e+03 1.374867993067958871e-01 1.468050548786758724e-01
1.170000000000000000e+03 1.405677126973396696e-01 1.461763365511715151e-01
1.180000000000000000e+03 1.379656049724355960e-01 1.455556274348955015e-01
1.190000000000000000e+03 1.332092190413080579e-01 1.449427589131121186e-01
1.200000000000000000e+03 1.282643661752498887e-01 1.443375672974064328e-01
1.210000000000000000e+03 1.385723021260585885e-01 1.437398936440172359e-01
1.220000000000000000e+03 1.305383821716644410e-01 1.431495835784670767e-01
1.230000000000000000e+03 1.257496800179640217e-01 1.425664871280502566e-01
1.240000000000000000e+03 1.309030088730409602e-01 1.419904585617662029e-01
1.250000000000000000e+03 1.268426668241215971e-01 1.414213562373095034e-01
1.260000000000000000e+03 1.248632233950101589e-01 1.408590424547527531e-01
1.270000000000000000e+03 1.317325491970709195e-01 1.403033833165784339e-01
1.280000000000000000e+03 1.291499863844498275e-01 1.397542485937368628e-01
1.290000000000000000e+03 1.335404137788363255e-01 1.392115115974261463e-01
1.300000000000000000e+03 1.285368502745589392e-01 1.386750490563072868e-01
1.310000000000000000e+03 1.264104336312390497e-01 1.381447409988844077e-01
1.320000000000000000e+03 1.288571321068568698e-01 1.376204706407950784e-01
1.330000000000000000e+03 1.242954758711552615e-01 1.371021242767704318e-01
1.340000000000000000e+03 1.246845015626198566e-01 1.365895911770382554e-01
1.350000000000000000e+03 1.225215934430593095e-01 1.360827634879543391e-01
1.360000000000000000e+03 1.291913890649412366e-01 1.355815361366601024e-01
1.370000000000000000e+03 1.232805231339539620e-01 1.350858067395747930e-01
1.380000000000000000e+03 1.188014485838215784e-01 1.345954755145413739e-01
1.390000000000000000e+03 1.242283601256544412e-01 1.341104451964550415e-01
1.400000000000000000e+03 1.208100136092279814e-01 1.336306209562121983e-01
1.410000000000000000e+03 1.267940168959049430e-01 1.331559103228268648e-01
1.420000000000000000e+03 1.195809304155986269e-01 1.326862231085688126e-01
1.430000000000000000e+03 1.252024292350743251e-01 1.322214713369862793e-01
1.440000000000000000e+03 1.217179629474448577e-01 1.317615691736824801e-01
1.450000000000000000e+03 1.122888466702120780e-01 1.313064328597225439e-01
1.460000000000000000e+03 1.190969747307393245e-01 1.308559806475534382e-01
1.470000000000000000e+03 1.201064642736821564e-01 1.304101327393252796e-01
1.480000000000000000e+03 1.185204221541491798e-01 1.299688112275090845e-01
1.490000000000000000e+03 1.203056016701627151e-01 1.295319400377099583e-01
1.500000000000000000e+03 1.150289531635305812e-01 1.290994448735805766e-01
1.510000000000000000e+03 1.180215093091279838e-01 1.286712531637446699e-01
1.520000000000000000e+03 1.160435392316774700e-01 1.282472940106442749e-01
1.530000000000000000e+03 1.191133032243723855e-01 1.278274981412284017e-01
1.540000000000000000e+03 1.186401422586320503e-01 1.274117978594064005e-01
1.550000000000000000e+03 1.183683492411077842e-01 1.270001270001905047e-01
1.560000000000000000e+03 1.150909813807335647e-01 1.265924208854583288e-01
1.570000000000000000e+03 1.177985590615064498e-01 1.261886162812671797e-01
1.580000000000000000e+03 1.134968039912870735e-01 1.257886513566568998e-01
1.590000000000000000e+03 1.129775096457508871e-01 1.253924656438797913e-01
1.600000000000000000e+03 1.190127772238346732e-01 1.250000000000000000e-01
1.610000000000000000e+03 1.143980411177326212e-01 1.246111965698067092e-01
1.620000000000000000e+03 1.136332207912734982e-01 1.242259987499883117e-01
1.630000000000000000e+03 1.177845019704774759e-01 1.238443511545174874e-01
1.640000000000000000e+03 1.161894272967449876e-01 1.234661995811986990e-01
1.650000000000000000e+03 1.162856642855884109e-01 1.230914909793327239e-01
1.660000000000000000e+03 1.148542114300605405e-01 1.227201734184539955e-01
1.670000000000000000e+03 1.100930917522827956e-01 1.223521960580991053e-01
1.680000000000000000e+03 1.145349853030556142e-01 1.219875091185666505e-01
1.690000000000000000e+03 1.162227043859118542e-01 1.216260638526299731e-01
1.700000000000000000e+03 1.151123070653110314e-01 1.212678125181664845e-01
1.710000000000000000e+03 1.169120641756214024e-01 1.209127083516686185e-01
1.720000000000000000e+03 1.070448034854389052e-01 1.205607055426030361e-01
1.730000000000000000e+03 1.107942618097917525e-01 1.202117592085862469e-01
1.740000000000000000e+03 1.120517179183431467e-01 1.198658253713460325e-01
1.750000000000000000e+03 1.103240942435686073e-01 1.195228609334393621e-01
1.760000000000000000e+03 1.118843635930196617e-01 1.191828236556990439e-01
1.770000000000000000e+03 1.096691722854192946e-01 1.188456721353820938e-01
1.780000000000000000e+03 1.114184021037356587e-01 1.185113657849942992e-01
1.790000000000000000e+03 1.090552500910804135e-01 1.181798648117663580e-01
1.800000000000000000e+03 1.081635437007562733e-01 1.178511301977579195e-01
1.810000000000000000e+03 1.095009700632909172e-01 1.175251236805670979e-01
1.820000000000000000e+03 1.094488316720936549e-01 1.172018077346238529e-01
1.830000000000000000e+03 1.064674273168987606e-01 1.168811455530461008e-01
1.840000000000000000e+03 1.117506577766712583e-01 1.165631010300392234e-01
1.850000000000000000e+03 1.114483770571734061e-01 1.162476387438192704e-01
1.860000000000000000e+03 1.078677520557151381e-01 1.159347239400420754e-01
1.870000000000000000e+03 1.072265536600176955e-01 1.156243225157200794e-01
1.880000000000000000e+03 1.079533434752667637e-01 1.153164010036106246e-01
1.890000000000000000e+03 1.066782134107348429e-01 1.150109265570590372e-01
1.900000000000000000e+03 1.047570171530692179e-01 1.147078669352808722e-01
1.910000000000000000e+03 1.044600278852053088e-01 1.144071904890688746e-01
1.920000000000000000e+03 1.057550790196210289e-01 1.141088661469096127e-01
1.930000000000000000e+03 1.003436576205471442e-01 1.138128634014963503e-01
1.940000000000000000e+03 1.066206116417021815e-01 1.135191522966249589e-01
1.950000000000000000e+03 1.038438975371768214e-01 1.132277034144595768e-01
1.960000000000000000e+03 1.055072016925745065e-01 1.129384878631564115e-01
1.970000000000000000e+03 1.034142582198269433e-01 1.126514772648332247e-01
1.980000000000000000e+03 1.066060389325148017e-01 1.123666437438736870e-01
1.990000000000000000e+03 1.056420167926355458e-01 1.120839599155550731e-01
2.000000000000000000e+03 1.018053985001993594e-01 1.118033988749894819e-01
2.010000000000000000e+03 1.027165676108267450e-01 1.115249341863676219e-01
2.020000000000000000e+03 1.018093881826437341e-01 1.112485398724962077e-01
2.030000000000000000e+03 1.031622192710591607e-01 1.109741904046188249e-01
2.040000000000000000e+03 1.036150779543837247e-01 1.107018606925119220e-01
2.050000000000000000e+03 1.002920786707268697e-01 1.104315260748465338e-01
2.060000000000000000e+03 1.016619910026640983e-01 1.101631623098079382e-01
2.070000000000000000e+03 1.022572429251501491e-01 1.098967455659645015e-01
2.080000000000000000e+03 1.013286710180285877e-01 1.096322524133786641e-01
2.090000000000000000e+03 9.892015573157611485e-02 1.093696598149517807e-01
2.100000000000000000e+03 9.867247804354391250e-02 1.091089451179961950e-01
2.110000000000000000e+03 1.026261441233503185e-01 1.088500860460270281e-01
2.120000000000000000e+03 9.945615014039031754e-02 1.085930606907673512e-01
2.130000000000000000e+03 9.938175722950647051e-02 1.083378475043598743e-01
2.140000000000000000e+03 9.976207621242727530e-02 1.080844252917792375e-01
2.150000000000000000e+03 1.020501289474676221e-01 1.078327732034384118e-01
2.160000000000000000e+03 1.007128641520622647e-01 1.075828707279838092e-01
2.170000000000000000e+03 9.803524711941023762e-02 1.073346976852729562e-01
2.180000000000000000e+03 1.021095132189796667e-01 1.070882342195298292e-01
2.190000000000000000e+03 9.714935454313115837e-02 1.068434607926720542e-01
2.200000000000000000e+03 9.943664154308860803e-02 1.066003581778052073e-01
2.210000000000000000e+03 9.834365538595908618e-02 1.063589074528792505e-01
2.220000000000000000e+03 9.540868772845971513e-02 1.061190899945022165e-01
2.230000000000000000e+03 1.002146254942658798e-01 1.058808874719066873e-01
2.240000000000000000e+03 1.012774680133995409e-01 1.056442818410645718e-01
2.250000000000000000e+03 9.864869637436100847e-02 1.054092553389459896e-01
2.260000000000000000e+03 9.572559182504655761e-02 1.051757904779178077e-01
2.270000000000000000e+03 9.642684748801295946e-02 1.049438700402783725e-01
2.280000000000000000e+03 9.547129910925508667e-02 1.047134770729238745e-01
2.290000000000000000e+03 9.621329304852435649e-02 1.044845948821432197e-01
2.300000000000000000e+03 9.715460168935331764e-02 1.042572070285373853e-01
2.310000000000000000e+03 1.005164476986552535e-01 1.040312973220598736e-01
2.320000000000000000e+03 9.697421595131247574e-02 1.038068498171749593e-01
2.330000000000000000e+03 9.475977059107665301e-02 1.035838488081302078e-01
2.340000000000000000e+03 9.320068401455958162e-02 1.033622788243403895e-01
2.350000000000000000e+03 9.626719325410376671e-02 1.031421246258793362e-01
2.360000000000000000e+03 9.610228190108985324e-02 1.029233711990772820e-01
2.370000000000000000e+03 9.667815091328435528e-02 1.027060037522201236e-01
2.380000000000000000e+03 9.406577933061995023e-02 1.024900077113484742e-01
2.390000000000000000e+03 9.652464092121851302e-02 1.022753687161532810e-01
2.400000000000000000e+03 9.613084692776883988e-02 1.020620726159657543e-01
2.410000000000000000e+03 9.426251098882208745e-02 1.018501054658388083e-01
2.420000000000000000e+03 9.276536890496242527e-02 1.016394535227177071e-01
2.430000000000000000e+03 9.193792873613210181e-02 1.014301032416974196e-01
2.440000000000000000e+03 9.435564660561313044e-02 1.012220412723645047e-01
2.450000000000000000e+03 9.392650752355879984e-02 1.010152544552210679e-01
2.460000000000000000e+03 9.181061566346490621e-02 1.008097298181889756e-01
2.470000000000000000e+03 9.381650951587597320e-02 1.006054545731917133e-01
2.480000000000000000e+03 9.129919417488853439e-02 1.004024161128123510e-01
2.490000000000000000e+03 9.410766483682625472e-02 1.002006020070252829e-01
2.500000000000000000e+03 8.986422955981600291e-02 1.000000000000000056e-01
2.510000000000000000e+03 9.155002142099724627e-02 9.980059800697488326e-02
2.520000000000000000e+03 9.228555628927004317e-02 9.960238411119946844e-02
2.530000000000000000e+03 9.013264870367790338e-02 9.940534656094301980e-02
2.540000000000000000e+03 8.923670743996854615e-02 9.920947376656813477e-02
2.550000000000000000e+03 9.218635698438895631e-02 9.901475429766742886e-02
2.560000000000000000e+03 9.083691749951106065e-02 9.882117688026184621e-02
2.570000000000000000e+03 9.315030698021975475e-02 9.862873039405894993e-02
2.580000000000000000e+03 8.942310791713928286e-02 9.843740386976972123e-02
2.590000000000000000e+03 8.956480032879154951e-02 9.824718648648241015e-02
2.600000000000000000e+03 9.156673874345774844e-02 9.805806756909202226e-02
2.610000000000000000e+03 9.065699898088695752e-02 9.787003658578391496e-02
2.620000000000000000e+03 9.044051198696248517e-02 9.768308314557044847e-02
2.630000000000000000e+03 8.999160243084229627e-02 9.749719699587897082e-02
2.640000000000000000e+03 9.025425694440403213e-02 9.731236802019037346e-02
2.650000000000000000e+03 9.083880534680538466e-02 9.712858623572641348e-02
2.660000000000000000e+03 9.199060625440308447e-02 9.694584179118516387e-02
2.670000000000000000e+03 9.167601907270746253e-02 9.676412496452295453e-02
2.680000000000000000e+03 9.020435983214852849e-02 9.658342616078197107e-02
2.690000000000000000e+03 8.751029027718502940e-02 9.640373590996237363e-02
2.700000000000000000e+03 8.805754402813031900e-02 9.622504486493763110e-02
2.710000000000000000e+03 8.628932426197269412e-02 9.604734379941232136e-02
2.720000000000000000e+03 8.863642815557756793e-02 9.587062360592130128e-02
2.730000000000000000e+03 8.671993442005355990e-02 9.569487529386909441e-02
2.740000000000000000e+03 8.589734178980516777e-02 9.552008998760876113e-02
2.750000000000000000e+03 8.843439345136391849e-02 9.534625892455922402e-02
2.760000000000000000e+03 8.897791666486026818e-02 9.517337345336011889e-02
2.770000000000000000e+03 8.836998423325855001e-02 9.500142503206331079e-02
2.780000000000000000e+03 8.846767653822497357e-02 9.483040522636018710e-02
2.790000000000000000e+03 8.754578290741345248e-02 9.466030570784414455e-02
2.800000000000000000e+03 8.777433099201395472e-02 9.449111825230681327e-02
2.810000000000000000e+03 8.811131238320632497e-02 9.432283473806812868e-02
2.820000000000000000e+03 8.710778140282909865e-02 9.415544714433868312e-02
2.830000000000000000e+03 8.910233760468214137e-02 9.398894754961405196e-02
2.840000000000000000e+03 8.682922829478821602e-02 9.382332813010019201e-02
2.850000000000000000e+03 8.713429105530899610e-02 9.365858115816939888e-02
2.860000000000000000e+03 8.582213187917699104e-02 9.349469900084571294e-02
2.870000000000000000e+03 8.552479130517356976e-02 9.333167411831967686e-02
2.880000000000000000e+03 8.666460348213192444e-02 9.316949906249123725e-02
2.890000000000000000e+03 8.734719807719383555e-02 9.300816647554056849e-02
2.900000000000000000e+03 8.618895813871750577e-02 9.284766908852593037e-02
2.910000000000000000e+03 8.687340244507846254e-02 9.268799972000808796e-02
2.920000000000000000e+03 8.667103322533294130e-02 9.252915127470065504e-02
2.930000000000000000e+03 8.419504389711580938e-02 9.237111674214579238e-02
2.940000000000000000e+03 8.565518324128226779e-02 9.221388919541469165e-02
2.950000000000000000e+03 8.474384353119293611e-02 9.205746178983233163e-02
2.960000000000000000e+03 8.438720073571157054e-02 9.190182776172596546e-02
2.970000000000000000e+03 8.412805399166146947e-02 9.174698042719671431e-02
2.980000000000000000e+03 8.354370210126499385e-02 9.159291318091396239e-02
2.990000000000000000e+03 8.344830108054442086e-02 9.143961949493188690e-02
3.000000000000000000e+03 8.695720294023291663e-02 9.128709291752767907e-02
3.010000000000000000e+03 8.253675180393342525e-02 9.113532707206115080e-02
3.020000000000000000e+03 8.416284021414845162e-02 9.098431565585486658e-02
3.030000000000000000e+03 8.392310980448612623e-02 9.083405243909495330e-02
3.040000000000000000e+03 8.180454526372754609e-02 9.068453126375146389e-02
3.050000000000000000e+03 8.319905919224757085e-02 9.053574604251853064e-02
3.060000000000000000e+03 8.117714966231594220e-02 9.038769075777340622e-02
3.070000000000000000e+03 8.612319381443185595e-02 9.024035946055419810e-02
3.080000000000000000e+03 8.465469400633443553e-02 9.009374626955589382e-02
3.090000000000000000e+03 8.247895311246898620e-02 8.994784537014430259e-02
3.100000000000000000e+03 8.380629316367756154e-02 8.980265101338745504e-02
3.110000000000000000e+03 8.329433807331192152e-02 8.965815751510408660e-02
3.120000000000000000e+03 8.213885213622944270e-02 8.951435925492910728e-02
3.130000000000000000e+03 8.142349092211309536e-02 8.937125067539529455e-02
3.140000000000000000e+03 8.521095511953077906e-02 8.922882628103120939e-02
3.150000000000000000e+03 8.159423573402549423e-02 8.908708063747479422e-02
3.160000000000000000e+03 8.169911835256171706e-02 8.894600837060250009e-02
3.170000000000000000e+03 8.436716458510919170e-02 8.880560416567348514e-02
3.180000000000000000e+03 8.122354389375026351e-02 8.866586276648857901e-02
3.190000000000000000e+03 8.175752276093367632e-02 8.852677897456387446e-02
3.200000000000000000e+03 8.152800206646208803e-02 8.838834764831843271e-02
3.210000000000000000e+03 8.177581479818371579e-02 8.825056370227597757e-02
3.220000000000000000e+03 8.192748109874258000e-02 8.811342210628017591e-02
3.230000000000000000e+03 8.385595304350018653e-02 8.797691788472335184e-02
3.240000000000000000e+03 7.979779735216048497e-02 8.784104611578831545e-02
3.250000000000000000e+03 8.247464661906153682e-02 8.770580193070291741e-02
3.260000000000000000e+03 8.157178728902196585e-02 8.757118051300734340e-02
3.270000000000000000e+03 7.836782504431277774e-02 8.743717709783362102e-02
3.280000000000000000e+03 8.233440668445766997e-02 8.730378697119726972e-02
3.290000000000000000e+03 8.096308310559671706e-02 8.717100546930083016e-02
3.300000000000000000e+03 7.903660224263429901e-02 8.703882797784892600e-02
3.310000000000000000e+03 8.260524497083801543e-02 8.690724993137477483e-02
3.320000000000000000e+03 8.096082277217217515e-02 8.677626681257791241e-02
3.330000000000000000e+03 8.165379404059484869e-02 8.664587415167272766e-02
3.340000000000000000e+03 7.922480105315750365e-02 8.651606752574783621e-02
3.350000000000000000e+03 8.203144707253896828e-02 8.638684255813601498e-02
3.360000000000000000e+03 8.081464443370495188e-02 8.625819491779428139e-02
3.370000000000000000e+03 7.995776595553648336e-02 8.613012031869432539e-02
3.380000000000000000e+03 8.155913954574224578e-02 8.600261451922266986e-02
3.390000000000000000e+03 8.090191698038591561e-02 8.587567332159078137e-02
3.400000000000000000e+03 8.043593245181475393e-02 8.574929257125442350e-02
3.410000000000000000e+03 7.943903610253028047e-02 8.562346815634271080e-02
3.420000000000000000e+03 7.952726772943197187e-02 8.549819600709618328e-02
3.430000000000000000e+03 7.751752155142729861e-02 8.537347209531383208e-02
3.440000000000000000e+03 7.935287186782140345e-02 8.524929243380918731e-02
3.450000000000000000e+03 7.992352979604586127e-02 8.512565307587485752e-02
3.460000000000000000e+03 7.851577713376957368e-02 8.500255011475574274e-02
3.470000000000000000e+03 7.565601750940685599e-02 8.487997968313049091e-02
3.480000000000000000e+03 7.918636203544245078e-02 8.475793795260130881e-02
3.490000000000000000e+03 7.745252085157895705e-02 8.463642113319157223e-02
3.500000000000000000e+03 7.853782321277889833e-02 8.451542547285166573e-02
3.510000000000000000e+03 7.958642011306810149e-02 8.439494725697221922e-02
3.520000000000000000e+03 7.772634816296720983e-02 8.427498280790525487e-02
3.530000000000000000e+03 7.974146167567777721e-02 8.415552848449261991e-02
3.540000000000000000e+03 7.735076365966021827e-02 8.403658068160178851e-02
3.550000000000000000e+03 7.809193713128249892e-02 8.391813582966890783e-02
3.560000000000000000e+03 7.850744235555394412e-02 8.380019039424886629e-02
3.570000000000000000e+03 7.638418953574296899e-02 8.368274087557230068e-02
3.580000000000000000e+03 7.654792993296199999e-02 8.356578380810944506e-02
3.590000000000000000e+03 7.615020407686612369e-02 8.344931576014062713e-02
3.600000000000000000e+03 7.683484191567520327e-02 8.333333333333332871e-02
3.610000000000000000e+03 7.633250849394611348e-02 8.321783316232576888e-02
3.620000000000000000e+03 7.532841240289016305e-02 8.310281191431670433e-02
3.630000000000000000e+03 7.754791129216494217e-02 8.298826628866153021e-02
3.640000000000000000e+03 7.763131808029576086e-02 8.287419301647448722e-02
3.650000000000000000e+03 7.476201588073741466e-02 8.276058886023679451e-02
3.660000000000000000e+03 7.513097750526125107e-02 8.264745061341077781e-02
3.670000000000000000e+03 7.655758490983272102e-02 8.253477510005972906e-02
3.680000000000000000e+03 7.745199359940325989e-02 8.242255917447337266e-02
3.690000000000000000e+03 7.480042599977733409e-02 8.231079972079913265e-02
3.700000000000000000e+03 7.580403667155631575e-02 8.219949365267864572e-02
3.710000000000000000e+03 7.411567560754800388e-02 8.208863791288981138e-02
3.720000000000000000e+03 7.598698738438300349e-02 8.197822947299411578e-02
3.730000000000000000e+03 7.647464982536174294e-02 8.186826533298911801e-02
3.740000000000000000e+03 7.622850248499997428e-02 8.175874252096607120e-02
3.750000000000000000e+03 7.699796730433029757e-02 8.164965809277259512e-02
3.760000000000000000e+03 7.506401413658857213e-02 8.154100913168027542e-02
3.770000000000000000e+03 7.450275136615816529e-02 8.143279274805703682e-02
3.780000000000000000e+03 7.469932238048181128e-02 8.132500607904442902e-02
3.790000000000000000e+03 7.606023441981954458e-02 8.121764628823949228e-02
3.800000000000000000e+03 7.485750365442284116e-02 8.111071056538127211e-02
3.810000000000000000e+03 7.526591825732162344e-02 8.100419612604180253e-02
3.820000000000000000e+03 7.517767860838682481e-02 8.089810021132169682e-02
3.830000000000000000e+03 7.644704243795125143e-02 8.079242008754988769e-02
3.840000000000000000e+03 7.506204629029782083e-02 8.068715304598784999e-02
3.850000000000000000e+03 7.600522907960310937e-02 8.058229640253802839e-02
3.860000000000000000e+03 7.473101525727646188e-02 8.047784749745630350e-02
3.870000000000000000e+03 7.431121682175563514e-02 8.037380369506869071e-02
3.880000000000000000e+03 7.270206349677243995e-02 8.027016238349195254e-02
3.890000000000000000e+03 7.452070381171638225e-02 8.016692097435822173e-02
3.900000000000000000e+03 7.606887269212581071e-02 8.006407690254356557e-02
3.910000000000000000e+03 7.443880727006518816e-02 7.996162762590015849e-02
3.920000000000000000e+03 7.428805769750113086e-02 7.985957062499247916e-02
3.930000000000000000e+03 7.362710798629210074e-02 7.975790340283704649e-02
3.940000000000000000e+03 7.262560566615398894e-02 7.965662348464576381e-02
3.950000000000000000e+03 7.315660190307460287e-02 7.955572841757301006e-02
3.960000000000000000e+03 7.330562169338376843e-02 7.945521577046602002e-02
3.970000000000000000e+03 7.061360183092657561e-02 7.935508313361895605e-02
3.980000000000000000e+03 7.401437149623651957e-02 7.925532811853017168e-02
3.990000000000000000e+03 7.243336100055425275e-02 7.915594835766294468e-02
4.000000000000000000e+03 7.296554750297534753e-02 7.905694150420948529e-02
4.010000000000000000e+03 7.240326069229752193e-02 7.895830523185817795e-02
4.020000000000000000e+03 7.208915981242566828e-02 7.886003723456397330e-02
4.030000000000000000e+03 7.256027686256452669e-02 7.876213522632198594e-02
4.040000000000000000e+03 7.268610026341536245e-02 7.866459694094407595e-02
4.050000000000000000e+03 7.300443274915101310e-02 7.856742013183860840e-02
4.060000000000000000e+03 7.303911384044250998e-02 7.847060257179305776e-02
4.070000000000000000e+03 7.160836228081982058e-02 7.837414205275960999e-02
4.080000000000000000e+03 7.247958128067018280e-02 7.827803638564369282e-02
4.090000000000000000e+03 7.081030488314356275e-02 7.818228340009526767e-02
4.100000000000000000e+03 7.294439483570011595e-02 7.808688094430303595e-02
4.110000000000000000e+03 7.372871436451750027e-02 7.799182688479128212e-02
4.120000000000000000e+03 7.180010966356327462e-02 7.789711910621947843e-02
4.130000000000000000e+03 7.182274660192584925e-02 7.780275551118463750e-02
4.140000000000000000e+03 7.124965851324770172e-02 7.770873402002614894e-02
4.150000000000000000e+03 7.087240514203681230e-02 7.761505257063329444e-02
4.160000000000000000e+03 7.387642934033207542e-02 7.752170911825528865e-02
4.170000000000000000e+03 7.183238910071412797e-02 7.742870163531385963e-02
4.180000000000000000e+03 7.050455617683056009e-02 7.733602811121824405e-02
4.190000000000000000e+03 6.895723383207758017e-02 7.724368655218261104e-02
4.200000000000000000e+03 7.205323974327379477e-02 7.715167498104595623e-02
4.210000000000000000e+03 7.116026047258940113e-02 7.705999143709423016e-02
4.220000000000000000e+03 7.386162681905796001e-02 7.696863397588490918e-02
4.230000000000000000e+03 7.201763058754249991e-02 7.687760066907375900e-02
4.240000000000000000e+03 7.125294676524962512e-02 7.678688960424390197e-02
4.250000000000000000e+03 6.954662617938804636e-02 7.669649888473704935e-02
4.260000000000000000e+03 7.165438976134615168e-02 7.660642662948694004e-02
4.270000000000000000e+03 7.058639764495916458e-02 7.651667097285498598e-02
4.280000000000000000e+03 6.963034499144897527e-02 7.642723006446788814e-02
4.290000000000000000e+03 7.078504914757427491e-02 7.633810206905740359e-02
4.300000000000000000e+03 7.128288813981782657e-02 7.624928516630233299e-02
4.310000000000000000e+03 7.108152853811276761e-02 7.616077755067217347e-02
4.320000000000000000e+03 7.122698172840222219e-02 7.607257743127307514e-02
4.330000000000000000e+03 7.059270256062583071e-02 7.598468303169561566e-02
4.340000000000000000e+03 7.037404803044257362e-02 7.589709258986453155e-02
4.350000000000000000e+03 7.067271134321198578e-02 7.580980435789035077e-02
4.360000000000000000e+03 7.147135667528463354e-02 7.572281660192282937e-02
4.370000000000000000e+03 6.946242487900645968e-02 7.563612760200645602e-02
4.380000000000000000e+03 6.993225439308574376e-02 7.554973565193742746e-02
4.390000000000000000e+03 7.109287528964720881e-02 7.546363905912276127e-02
4.400000000000000000e+03 6.891189953927437384e-02 7.537783614444089342e-02
4.410000000000000000e+03 7.157231501696126319e-02 7.529232524210427435e-02
4.420000000000000000e+03 6.858003508339274856e-02 7.520710469952335275e-02
4.430000000000000000e+03 6.958728729209352759e-02 7.512217287717261327e-02
4.440000000000000000e+03 6.873328467520085916e-02 7.503752814845801589e-02
4.450000000000000000e+03 6.782136577649104658e-02 7.495316889958614226e-02
4.460000000000000000e+03 7.017491586332499920e-02 7.486909352943497964e-02
4.470000000000000000e+03 6.839944443172366051e-02 7.478530044942630073e-02
4.480000000000000000e+03 7.031413510813068479e-02 7.470178808339959786e-02
4.490000000000000000e+03 6.865618608762386055e-02 7.461855486748754374e-02
4.500000000000000000e+03 6.921163184994291728e-02 7.453559924999299258e-02
4.510000000000000000e+03 6.876451786773749020e-02 7.445291969126746623e-02
4.520000000000000000e+03 6.894952463139007726e-02 7.437051466359120844e-02
4.530000000000000000e+03 6.857141246749667851e-02 7.428838265105447425e-02
4.540000000000000000e+03 6.791567279710850058e-02 7.420652214944059577e-02
4.550000000000000000e+03 6.849346992617855179e-02 7.412493166611011652e-02
4.560000000000000000e+03 6.704301238288826181e-02 7.404360971988653561e-02
4.570000000000000000e+03 6.935217164149291846e-02 7.396255484094342580e-02
4.580000000000000000e+03 6.903917154754193874e-02 7.388176557069270345e-02
4.590000000000000000e+03 6.802685347313917885e-02 7.380124046167461926e-02
4.600000000000000000e+03 6.857798626449715385e-02 7.372097807744856790e-02
4.610000000000000000e+03 6.839894609458752051e-02 7.364097699248570161e-02
4.620000000000000000e+03 6.857162633812592667e-02 7.356123579206245988e-02
4.630000000000000000e+03 6.797425367467016533e-02 7.348175307215551455e-02
4.640000000000000000e+03 6.932191489525296735e-02 7.340252743933793622e-02
4.650000000000000000e+03 6.822898945428962358e-02 7.332355751067663741e-02
4.660000000000000000e+03 6.713752409937133458e-02 7.324484191363095364e-02
4.670000000000000000e+03 6.769879160570957399e-02 7.316637928595240425e-02
4.680000000000000000e+03 6.795269435263158464e-02 7.308816827558575757e-02
4.690000000000000000e+03 6.746147833570385888e-02 7.301020754057113704e-02
4.700000000000000000e+03 6.703511010667227710e-02 7.293249574894727916e-02
4.710000000000000000e+03 6.764500319819809204e-02 7.285503157865601265e-02
4.720000000000000000e+03 6.860485599367700804e-02 7.277781371744775074e-02
4.730000000000000000e+03 6.682843712407920966e-02 7.270084086278814917e-02
4.740000000000000000e+03 6.622907747586673222e-02 7.262411172176584662e-02
4.750000000000000000e+03 6.642682624926113388e-02 7.254762501100116279e-02
4.760000000000000000e+03 6.724168155743692754e-02 7.247137945655605928e-02
4.770000000000000000e+03 6.606831090470594026e-02 7.239537379384489157e-02
4.780000000000000000e+03 6.808567766850716352e-02 7.231960676754646544e-02
4.790000000000000000e+03 6.695576190847926656e-02 7.224407713151682897e-02
4.800000000000000000e+03 6.764574314999008409e-02 7.216878364870321638e-02
4.810000000000000000e+03 6.715970199904469640e-02 7.209372509105904658e-02
4.820000000000000000e+03 6.554358948887856195e-02 7.201890023945967112e-02
4.830000000000000000e+03 6.581784014450231535e-02 7.194430788361927398e-02
4.840000000000000000e+03 6.603177210461434743e-02 7.186994682200861795e-02
4.850000000000000000e+03 6.634121225591933790e-02 7.179581586177380403e-02
4.860000000000000000e+03 6.544495774304645574e-02 7.172191381865587745e-02
4.870000000000000000e+03 6.681721956777580962e-02 7.164823951691129400e-02
4.880000000000000000e+03 6.620347246180451062e-02 7.157479178923353835e-02
4.890000000000000000e+03 6.768262265725856486e-02 7.150156947667520024e-02
4.900000000000000000e+03 6.495176504789117178e-02 7.142857142857142461e-02
4.910000000000000000e+03 6.645130696139760207e-02 7.135579650246375027e-02
4.920000000000000000e+03 6.608041119315824496e-02 7.128324356402512829e-02
4.930000000000000000e+03 6.602601789725130732e-02 7.121091148698563411e-02
4.940000000000000000e+03 6.590447869223456379e-02 7.113879915305902635e-02
4.950000000000000000e+03 6.594107274161836729e-02 7.106690545187015207e-02
4.960000000000000000e+03 6.579364114480529269e-02 7.099522928088310147e-02
4.970000000000000000e+03 6.572443861623789019e-02 7.092376954533025080e-02
4.980000000000000000e+03 6.549627696615960282e-02 7.085252515814195740e-02
4.990000000000000000e+03 6.592338500357346198e-02 7.078149503987719859e-02
