-5.0 0.9589242746631385 0.9589242746631385 0 0
-4.9 0.9824526126243325 0.9824526126243325 0.09706884436437341 0.09706884436437321
-4.800000000000001 0.9961646088358406 0.9961646088358406 0.19599970543738154 0.1959997054373815
-4.700000000000001 0.9999232575641009 0.9999232575641009 0.2958040987573783 0.29580409875737823
-4.600000000000001 0.9936910036334646 0.9936910036334646 0.3954848118172562 0.39548481181725614
-4.500000000000002 0.9775301176650975 0.9775301176650975 0.4940458678821839 0.4940458678821839
-4.400000000000002 0.9516020738895166 0.9516020738895166 0.5905024774599147 0.5905024774599142
-4.3000000000000025 0.916165936749456 0.916165936749456 0.683890877991863 0.6838908779918625
-4.200000000000003 0.8715757724135894 0.8715757724135894 0.7732779634500142 0.7732779634500145
-4.100000000000003 0.8182771110644124 0.8182771110644124 0.8577706076239142 0.8577706076239143
-4.0000000000000036 0.7568024953079305 0.7568024953079305 0.9365245879425314 0.9365245879425312
-3.900000000000004 0.6877661591839767 0.6877661591839767 1.0087530206671262 1.0087530206671262
-3.8000000000000043 0.6118578909427225 0.6118578909427225 1.0737342231734608 1.073734223173461
-3.7000000000000046 0.5298361409084972 0.5298361409084972 1.1308189247660216 1.1308189247660216
-3.600000000000005 0.44252044329485685 0.44252044329485685 1.1794367539761894 1.1794367539761892
-3.5000000000000053 0.35078322768962483 0.35078322768962483 1.2191019375254135 1.219101937525413
-3.4000000000000057 0.25554110202683683 0.25554110202683683 1.2494181540112368 1.2494181540112361
-3.300000000000006 0.15774569414325434 0.15774569414325434 1.270082493819741 1.2700824938197406
-3.2000000000000064 0.05837414342758629 0.058374143427586296 1.280888485698283 1.2808884856982825
-3.1000000000000068 -0.04158066243328384 -0.04158066243328384 1.2817281597479981 1.2817281597479977
-3.000000000000007 -0.1411200080598602 -0.1411200080598602 1.2725931262233412 1.2725931262233405
-2.9000000000000075 -0.23924932921397507 -0.23924932921397507 1.2535746593596497 1.2535746593596488
-2.800000000000008 -0.33498815015589756 -0.33498815015589756 1.2248627853911562 1.2248627853911553
-2.700000000000008 -0.42737988023382256 -0.42737988023382256 1.18674438387167 1.1867443838716696
-2.6000000000000085 -0.5155013718214569 -0.5155013718214569 1.1396003212689065 1.1396003212689059
-2.500000000000009 -0.5984721441039493 -0.5984721441039493 1.0839016454726365 1.0839016454726358
-2.4000000000000092 -0.6754631805511441 -0.6754631805511441 1.0202048792398821 1.0202048792398815
-2.3000000000000096 -0.7457052121767138 -0.7457052121767138 0.9491464596034893 0.9491464596034889
-2.20000000000001 -0.8084964038195843 -0.8084964038195843 0.871436378803675 0.8714363788036742
-2.1000000000000103 -0.8632093666488686 -0.8632093666488686 0.7878510902802525 0.7878510902802519
-2.0000000000000107 -0.9092974268256773 -0.9092974268256773 0.6992257506065256 0.6992257506065249
-1.900000000000011 -0.9463000876874109 -0.9463000876874109 0.6064458748808714 0.6064458748808709
-1.8000000000000114 -0.9738476308781926 -0.9738476308781926 0.5104384889525916 0.510438488952591
-1.7000000000000117 -0.9916648104524671 -0.9916648104524671 0.41216286688605897 0.4121628668860584
-1.600000000000012 -0.9995736030415048 -0.9995736030415048 0.3126009462113607 0.31260094621136014
-1.5000000000000124 -0.9974949866040553 -0.9974949866040553 0.21274751672908304 0.2127475167290825
-1.4000000000000128 -0.9854497299884624 -0.9854497299884624 0.1136002808994575 0.11360028089945697
-1.3000000000000131 -0.9635581854171965 -0.9635581854171965 0.01614988512917491 0.01614988512917437
-1.2000000000000135 -0.9320390859672313 -0.9320390859672313 -0.07862997844004614 -0.07862997844004667
-1.1000000000000139 -0.8912073600614416 -0.8912073600614416 -0.1697923007414795 -0.16979230074148
-1.0000000000000142 -0.8414709848079042 -0.8414709848079042 -0.25642621798494647 -0.25642621798494697
-0.9000000000000146 -0.7833269096274924 -0.7833269096274924 -0.337666112706716 -0.33766611270671654
-0.8000000000000149 -0.7173560908995331 -0.7173560908995331 -0.41270026273306704 -0.41270026273306754
-0.7000000000000153 -0.6442176872377028 -0.6442176872377028 -0.48077895163992856 -0.4807789516399291
-0.6000000000000156 -0.5646424733950482 -0.5646424733950482 -0.5412219596715659 -0.5412219596715665
-0.500000000000016 -0.47942553860421705 -0.47942553860421705 -0.593425360271529 -0.5934253602715296
-0.40000000000001634 -0.38941834230866557 -0.38941834230866557 -0.636867554317173 -0.6368675543171736
-0.3000000000000167 -0.29552020666135553 -0.29552020666135553 -0.671114481765674 -0.6711144817656745
-0.20000000000001705 -0.19866933079507793 -0.19866933079507793 -0.6958239586384956 -0.695823958638496
-0.10000000000001741 -0.09983341664684547 -0.09983341664684547 -0.7107490960105917 -0.7107490960105921
-1.7763568394002505e-14 -1.7763568394002505e-14 -1.7763568394002505e-14 -0.7157407668429349 -0.7157407668429353
0.09999999999998188 0.09983341664681013 0.09983341664681013 -0.7107490960105952 -0.7107490960105957
0.19999999999998153 0.19866933079504312 0.19866933079504312 -0.6958239586385027 -0.6958239586385031
0.29999999999998117 0.29552020666132156 0.29552020666132156 -0.6711144817656846 -0.671114481765685
0.3999999999999808 0.3894183423086328 0.3894183423086328 -0.636867554317187 -0.6368675543171874
0.49999999999998046 0.47942553860418585 0.47942553860418585 -0.5934253602715462 -0.5934253602715467
0.5999999999999801 0.5646424733950189 0.5646424733950189 -0.5412219596715862 -0.5412219596715866
0.6999999999999797 0.6442176872376756 0.6442176872376756 -0.48077895163995166 -0.4807789516399521
0.7999999999999794 0.7173560908995084 0.7173560908995084 -0.4127002627330927 -0.4127002627330931
0.899999999999979 0.7833269096274703 0.7833269096274703 -0.337666112706744 -0.33766611270674446
0.9999999999999787 0.841470984807885 0.841470984807885 -0.25642621798497656 -0.256426217984977
1.0999999999999783 0.8912073600614255 0.8912073600614255 -0.16979230074151136 -0.16979230074151178
1.199999999999978 0.9320390859672184 0.9320390859672184 -0.07862997844007946 -0.0786299784400799
1.2999999999999776 0.963558185417187 0.963558185417187 0.01614988512914048 0.016149885129140035
1.3999999999999773 0.9854497299884564 0.9854497299884564 0.11360028089942228 0.11360028089942184
1.499999999999977 0.9974949866040528 0.9974949866040528 0.2127475167290474 0.21274751672904693
1.5999999999999766 0.9995736030415059 0.9995736030415059 0.312600946211325 0.3126009462113245
1.6999999999999762 0.9916648104524717 0.9916648104524717 0.41216286688602355 0.41216286688602305
1.7999999999999758 0.9738476308782007 0.9738476308782007 0.5104384889525568 0.5104384889525563
1.8999999999999755 0.9463000876874225 0.9463000876874225 0.6064458748808377 0.6064458748808371
1.9999999999999751 0.909297426825692 0.909297426825692 0.6992257506064931 0.6992257506064925
2.0999999999999748 0.8632093666488865 0.8632093666488865 0.7878510902802216 0.7878510902802212
2.1999999999999744 0.8084964038196052 0.8084964038196052 0.8714363788036461 0.8714363788036454
2.299999999999974 0.7457052121767375 0.7457052121767375 0.9491464596034627 0.9491464596034623
2.3999999999999737 0.6754631805511703 0.6754631805511703 1.020204879239858 1.0202048792398575
2.4999999999999734 0.5984721441039779 0.5984721441039779 1.0839016454726151 1.0839016454726147
2.599999999999973 0.5155013718214874 0.5155013718214874 1.1396003212688883 1.1396003212688877
2.6999999999999726 0.42737988023385465 0.42737988023385465 1.1867443838716552 1.1867443838716547
2.7999999999999723 0.33498815015593103 0.33498815015593103 1.2248627853911447 1.2248627853911438
2.899999999999972 0.23924932921400957 0.23924932921400957 1.2535746593596415 1.2535746593596406
2.9999999999999716 0.14112000805989536 0.14112000805989536 1.2725931262233363 1.2725931262233359
3.0999999999999712 0.04158066243331933 0.04158066243331933 1.2817281597479968 1.2817281597479966
3.199999999999971 -0.05837414342755083 -0.058374143427550824 1.2808884856982854 1.280888485698285
3.2999999999999705 -0.15774569414321926 -0.15774569414321926 1.270082493819747 1.2700824938197464
3.39999999999997 -0.25554110202680247 -0.25554110202680247 1.2494181540112463 1.2494181540112455
3.49999999999997 -0.3507832276895916 -0.3507832276895916 1.2191019375254264 1.2191019375254257
3.5999999999999694 -0.442520443294825 -0.442520443294825 1.1794367539762054 1.179436753976205
3.699999999999969 -0.529836140908467 -0.529836140908467 1.1308189247660407 1.1308189247660405
3.7999999999999687 -0.6118578909426944 -0.6118578909426944 1.0737342231734828 1.0737342231734825
3.8999999999999684 -0.6877661591839509 -0.6877661591839509 1.008753020667151 1.0087530206671504
3.999999999999968 -0.7568024953079073 -0.7568024953079073 0.9365245879425584 0.9365245879425578
4.099999999999968 -0.8182771110643919 -0.8182771110643919 0.8577706076239435 0.8577706076239431
4.199999999999967 -0.871575772413572 -0.871575772413572 0.7732779634500454 0.7732779634500452
4.299999999999967 -0.9161659367494417 -0.9161659367494417 0.6838908779918957 0.6838908779918949
4.399999999999967 -0.9516020738895057 -0.9516020738895057 0.5905024774599487 0.5905024774599478
4.499999999999966 -0.9775301176650899 -0.9775301176650899 0.4940458678822188 0.4940458678822183
4.599999999999966 -0.9936910036334606 -0.9936910036334606 0.39548481181729167 0.3954848118172911
4.6999999999999655 -0.9999232575641005 -0.9999232575641005 0.295804098757414 0.2958040987574134
4.799999999999965 -0.9961646088358437 -0.9961646088358437 0.19599970543741713 0.1959997054374166
4.899999999999965 -0.982452612624339 -0.982452612624339 0.09706884436440849 0.09706884436440781
