0.000000000000000000e+00 4.599544191385106923e-02 -9.096342166052640010e-02 1.338994288798345811e-01 -1.738443441201142636e-01 2.099058639818804917e-01
1.000000000000000000e+00 9.096342166052631684e-02 -1.738443441201139583e-01 2.412784337012904290e-01 -2.872738756151425044e-01 3.077437729999483174e-01
2.000000000000000000e+00 1.338994288798352472e-01 -2.412784337012917890e-01 3.008692856424061701e-01 -3.008692856424076134e-01 2.412784337012904845e-01
3.000000000000000000e+00 1.738443441201141804e-01 -2.872738756151425599e-01 3.008692856424062256e-01 -2.099058639818809913e-01 4.599544191385088882e-02
4.000000000000000000e+00 2.099058639818805194e-01 -3.077437729999493721e-01 2.412784337012905678e-01 -4.599544191385124270e-02 -1.738443441201133755e-01
5.000000000000000000e+00 2.412784337012910674e-01 -3.008692856424073359e-01 1.338994288798348586e-01 1.338994288798352750e-01 -3.008692856424061701e-01
6.000000000000000000e+00 2.672612419124242855e-01 -2.672612419124241745e-01 -2.160799626768243646e-16 2.672612419124243410e-01 -2.672612419124239524e-01
7.000000000000000000e+00 2.872738756151421158e-01 -2.099058639818800476e-01 -1.338994288798347476e-01 3.077437729999490390e-01 -9.096342166052658051e-02
8.000000000000000000e+00 3.008692856424069473e-01 -1.338994288798343035e-01 -2.412784337012905123e-01 2.412784337012913449e-01 1.338994288798343590e-01
9.000000000000000000e+00 3.077437729999488725e-01 -4.599544191385024350e-02 -3.008692856424067807e-01 9.096342166052683031e-02 2.872738756151416162e-01
1.000000000000000000e+01 3.077437729999488725e-01 4.599544191385162434e-02 -3.008692856424072803e-01 -9.096342166052563682e-02 2.872738756151423933e-01
1.100000000000000000e+01 3.008692856424068918e-01 1.338994288798354970e-01 -2.412784337012916225e-01 -2.412784337012903735e-01 1.338994288798359411e-01
1.200000000000000000e+01 2.872738756151421158e-01 2.099058639818809358e-01 -1.338994288798355525e-01 -3.077437729999485394e-01 -9.096342166052577560e-02
1.300000000000000000e+01 2.672612419124242300e-01 2.672612419124246186e-01 -2.553425719848654512e-16 -2.672612419124242300e-01 -2.672612419124246741e-01
1.400000000000000000e+01 2.412784337012910119e-01 3.008692856424070028e-01 1.338994288798352472e-01 -1.338994288798353860e-01 -3.008692856424081685e-01
1.500000000000000000e+01 2.099058639818802974e-01 3.077437729999490390e-01 2.412784337012915947e-01 4.599544191385036146e-02 -1.738443441201152073e-01
1.600000000000000000e+01 1.738443441201135975e-01 2.872738756151413941e-01 3.008692856424079465e-01 2.099058639818798810e-01 4.599544191385048636e-02
1.700000000000000000e+01 1.338994288798346921e-01 2.412784337012907898e-01 3.008692856424086681e-01 3.008692856424062256e-01 2.412784337012911784e-01
1.800000000000000000e+01 9.096342166052637235e-02 1.738443441201139861e-01 2.412784337012921498e-01 2.872738756151411166e-01 3.077437729999498162e-01
1.900000000000000000e+01 4.599544191385102065e-02 9.096342166052644174e-02 1.338994288798359966e-01 1.738443441201137640e-01 2.099058639818808802e-01
